819 86400
16 1800
4096 72000
819 86400
16 1800
819 86400
128 21000
819 86400
16 1800
819 86400
819 86400
819 86400
256 21000
819 86400
512 21000
1024 21000
2048 21000
256 21000
1024 900
4096 21000
819 86400
8192 72000
1024 900
1024 86400
8192 21000
819 86400
256 72000
32 1800
512 1800
256 72000
256 21600
256 21600
256 21600
256 21600
1024 72000
1024 72000
1024 36000
1024 36000
1024 86400
1024 72000
1024 86400
819 86400
8192 21000
128 21000
4096 21000
819 86400
1024 21000
64 1020
256 72000
256 72000
8192 72000
819 86400
819 86400
32 86400
512 86400
819 86400
819 86400
64 1020
64 240
64 86400
64 86400
64 86400
512 86400
512 86400
512 86400
2048 1800
1024 72000
8192 72000
256 72000
128 21000
1024 21000
8192 21000
8192 21000
2048 1800
4096 86040
4096 1800
8192 72000
1024 86400
1024 86400
1024 86400
1024 86400
1024 86400
1024 86400
1024 86400
1024 86400
1024 86400
1024 28800
32 86400
32 86400
32 86400
2048 72000
1024 86400
32 86400
32 86400
32 86400
32 86400
32 86400
32 86400
32 86400
32 86400
32 86400
32 86400
32 86400
32 86400
32 86400
32 86400
32 86400
32 86400
32 86400
32 86400
32 86400
32 86400
32 86400
32 86400
32 86400
32 86400
32 86400
32 86400
32 86400
32 86400
32 86400
32 86400
32 86400
32 86400
32 86400
32 86400
32 86400
32 86400
32 86400
32 86400
32 86400
32 86400
32 86400
32 86400
32 86400
32 86400
32 86400
32 86400
32 86400
32 86400
32 86400
32 86400
32 86400
32 86400
32 86400
32 86400
32 86400
32 86400
32 86400
32 86400
32 86400
32 86400
32 86400
32 86400
32 86400
32 86400
32 86400
32 86400
32 86400
32 86400
32 86400
32 86400
32 86400
32 86400
32 86400
32 86400
32 86400
32 86400
32 86400
32 86400
32 86400
32 86400
32 86400
32 86400
32 86400
32 86400
32 86400
32 86400
32 86400
32 86400
32 86400
32 86400
32 86400
32 86400
32 86400
32 86400
32 86400
32 86400
32 86400
32 86400
32 86400
32 86400
32 86400
32 86400
256 21600
32 86400
256 21600
32 86400
32 86400
2048 60000
32 86400
32 86400
32 86400
32 86400
32 86400
32 86400
32 86400
32 86400
32 86400
32 86400
32 86400
32 86400
32 86400
32 86400
32 86400
32 86400
32 86400
32 86400
32 86400
32 86400
32 86400
32 86400
32 86400
32 86400
32 86400
32 86400
32 86400
32 86400
32 86400
32 86400
32 86400
32 86400
32 86400
32 86400
32 86400
32 86400
32 86400
8192 21000
32 86400
8192 21000
32 86400
2048 1800
32 86400
32 86400
512 86400
32 86400
512 86400
512 86400
32 86400
32 86400
512 86400
32 86400
32 86400
32 86400
512 86040
32 86400
32 86400
32 86400
32 86400
32 86400
819 86400
4 86400
32 86400
32 86400
819 86400
128 86400
4096 86040
32 86400
819 86400
819 86400
512 86400
256 21000
512 21000
2048 21000
4096 21000
32 86400
512 86400
64 240
512 2400
819 86400
819 86400
64 86400
64 86400
64 86400
32 86400
4096 1800
1024 36000
16 1800
1 1800
1 1800
819 86400
819 86400
6144 3600
8192 3600
128 86400
1024 72000
64 86400
512 1800
512 1800
832 86400
16 8400
4096 1800
512 50040
4096 1800
512 50040
1288 1800
512 50040
512 80040
512 50040
10240 3600
10240 3600
1024 21000
32 3600
128 86400
256 21600
1024 72000
819 86400
6000 2400
1 1800
1 1800
1 1800
1 1800
1 1800
819 86400
819 86400
64 1800
128 1800
256 1800
512 1800
128 86400
1024 3600
512 1800
1024 3600
1024 3600
32 3600
512 3600
512 86400
1 1800
819 86400
1024 3600
512 86400
128 86040
512 1800
512 86400
1 300
48 3600
1 300
512 1800
512 1800
1024 72000
1024 72000
1 86400
1 86400
1 86400
1 86400
32 86400
32 86400
32 86400
12288 21000
16 1800
32 86400
32 86400
16 300
32 86400
16 1800
16 1800
819 86400
1216 50040
16 1800
16 1800
1024 86400
16 1800
16 1800
1 86400
1 86400
32 1800
1024 3600
64 1800
24 1800
819 86400
1760 86400
512 2040
1216 50040
24 1800
819 86400
128 21000
64 86400
1216 50040
4000 86400
32 1800
8 600
256 21000
32 1800
24 1800
32 1800
512 21000
512 21000
1024 21000
8192 21000
2048 21000
1024 28800
128 1800
512 1800
8192 72000
512 1800
16 86400
1024 28800
16 86400
16 86400
16 86400
1 86400
16 86400
16 86400
1760 86400
16 86400
16 86400
16 86400
2432 50040
1024 86400
16 86400
1024 28800
1952 9000
4064 16020
6144 9000
864 8040
1024 7200
512 1800
16 86400
512 1800
64 86400
128 1800
64 86400
64 86400
4096 3600
512 10800
64 86400
64 86400
16 86400
16 86400
16 86400
16 86400
16 86400
16 86400
16 86400
16 86400
16 86400
16 86400
128 7200
32 86400
32 86400
32 86400
32 86400
32 86400
32 86400
32 86400
32 86400
32 86400
16 86400
1 1800
72 1800
832 1800
72 1800
72 1800
128 1800
72 1800
72 1800
104 1800
192 1800
1 86400
832 1800
2048 80040
1024 70020
1 60
32 600
1 60
32 600
64 540
32 3600
32 1800
512 1800
8192 3600
848 1800
843 1800
512 1800
1 60
16 86400
512 1800
32 600
4000 600
2016 86400
16 300
64 3600
1024 86400
1 86400
16 86400
16 300
16 86400
16 86400
1 86400
1 86400
1 86400
256 86400
512 3600
16 300
128 86400
512 3600
880 1800
512 3600
32 300
104 1800
1024 86400
1 86400
1024 86400
104 1800
128 43200
128 360
32 600
104 1800
128 360
32 300
1024 86400
4096 21000
1024 86400
128 360
32 600
512 3600
128 360
128 360
256 360
32 300
512 3600
512 1800
32 600
256 21600
1024 86400
8192 30000
1 300
256 360
512 86400
512 3600
256 360
256 360
256 360
32 600
512 3600
256 360
512 1800
1024 86400
1 300
512 3600
8192 3600
4096 86400
1024 86400
512 3600
256 1800
128 1800
32 600
32 600
64 600
128 1800
64 600
880 1800
64 86400
1024 21000
8192 30000
880 1800
256 72000
8192 3600
4096 30000
2048 34200
1760 86400
2048 34200
880 1800
16 8400
128 840
1024 86400
880 1800
880 86400
256 21600
128 40020
128 40020
8192 36000
256 21600
256 21600
8192 3600
24 1800
24 1800
24 1800
1264 8040
128 86400
8192 3600
4096 3600
2048 3600
4096 3600
32 1800
4096 3600
256 360
256 360
256 360
256 360
4096 3600
24 1800
256 360
6144 21000
6 1800
6144 21000
64 1020
6 1800
8192 21000
6 1800
6 1800
10240 7200
10240 7200
8192 21000
4096 86040
2048 72000
4096 3600
64 1020
64 1020
8192 21000
8192 21000
64 1020
8192 21000
4096 3600
256 360
256 360
8192 3600
8192 3600
64 1020
256 360
256 360
8192 3600
512 86400
4096 3600
4096 54000
64 1020
256 360
256 360
4 1020
2 1020
2 1020
2 540
2 540
64 540
256 360
256 360
128 86400
128 86400
128 86400
256 360
256 1200
1264 12000
256 1200
1264 12000
1264 12000
1264 12000
1264 8040
1264 4020
1264 8040
9504 14400
1 86400
1 86400
1 86400
1 86400
1 86400
1 86400
1 86400
1 86400
1 86400
1 86400
1 86400
1 86400
1 86400
8192 72000
2048 30000
2048 72000
6144 21000
32 86400
8192 21000
128 21000
128 21000
512 21000
1024 21000
1024 72000
256 43260
256 43200
256 43200
256 43200
128 43200
128 43200
128 43200
12 1800
48 1800
64 3600
128 43200
128 43200
1 86400
128 21000
1024 72000
64 1800
1 86400
1 86400
1 86400
128 1800
128 1800
128 1800
128 21000
512 21000
128 1800
1 60
128 86400
1024 72000
1 60
256 86400
64 86400
64 86400
9504 7200
4160 86040
1 60
2 60
48 3600
256 3600
8 60
16 60
9504 14400
128 86400
32 60
9504 14400
128 1800
9504 14400
1 60
16 60
9504 14400
9504 7200
2048 72000
256 3600
9504 7200
8192 72000
1 60
512 86400
2432 50040
1024 72000
512 1800
256 1800
128 1800
64 1800
32 1800
16 1800
8 1800
4 1800
2 1800
1 1800
512 1800
256 1800
128 1800
64 1800
32 1800
16 1800
8 1800
4 1800
2 1800
1 1800
512 1800
256 1800
128 1800
64 1800
32 1800
16 1800
8 1800
4 1800
2 1800
1 60
1 1800
512 1800
256 1800
128 1800
64 1800
32 1800
16 1800
8 1800
4 1800
2 1800
1 1800
256 21600
512 1800
256 1800
128 1800
64 1800
32 1800
16 1800
8 1800
4 1800
2 1800
1 1800
256 21600
10 1800
10 1800
1 600
6144 21000
9504 7200
128 86400
60 1800
1 600
120 86400
1 600
8192 86400
1 600
9504 7200
9504 14400
512 180
1 60
512 180
9504 7200
256 1200
256 1200
2 600
60 1800
256 21000
1 600
32 86400
512 21000
256 1200
1760 86400
256 1200
8192 180
2 1800
32 1800
32 1800
6144 21000
32 1800
8192 3600
32 1800
256 1200
32 1800
256 1200
1 72000
9504 14400
32 1800
10 1800
1 600
32 1800
2432 50040
9504 7200
1 300
2432 50040
128 1800
1 300
128 1800
9504 7200
2 600
32 1800
32 1800
2 600
8 600
1 300
32 1800
32 1800
32 1800
10 1800
10 1800
1 300
32 1800
1 300
8 600
1 300
1024 86400
1 300
8192 3600
1 300
2048 21000
4096 1440
2 600
8192 3600
32 1800
128 1800
2 1800
8 600
1056 3540
10 1800
60 1800
48 4800
10 1800
10 1800
128 1800
1024 36000
48 4800
1024 36000
128 86040
1056 1800
1024 86400
1056 1800
4096 21000
2048 21000
2048 1800
32 1800
256 21000
32 1800
32 1800
128 21000
512 21000
1 86400
1024 21000
32 86400
8192 180
4096 21000
60 1800
8192 21000
60 1800
32 86400
1056 1800
32 600
1056 1800
4160 3600
1056 1800
256 1200
128 60
9504 7200
512 60
9504 3600
1056 1800
1056 1800
512 240
256 1200
1056 1800
1056 1800
256 21600
256 21600
9504 2040
2432 50040
1024 36000
4096 21000
2048 240
2048 240
16 1200
9504 2040
2048 240
256 1200
1056 1800
1056 1800
512 240
1056 1800
1056 1800
9504 2040
1056 1800
1056 1800
1056 1800
1056 1800
1056 1800
4 86400
8192 72000
2048 72000
4 86400
128 1800
1 86400
1 600
512 240
8 86400
1 86400
1 86400
1 1800
1 1800
16 86400
48 1800
1 86400
16 86400
8 86400
4 86400
256 1800
128 1800
8 86400
16 86400
8 86400
8 86400
10 1800
8 420
8 420
8 420
8 420
8 86400
128 1800
128 1800
256 1800
256 1800
8 86400
48 1800
128 1800
8 86400
8 86400
2 1800
1 1800
2 1800
2016 86400
4 1800
512 86400
8 1800
384 1800
2 300
1288 1800
384 1800
1024 86400
1024 86400
1 86400
8 86400
384 1800
1 1800
2 1800
4 1800
8 1800
2 1800
2 1800
8 86400
2 1800
2048 30000
10 1800
384 1800
2 1800
60 1800
4 1800
40 1800
8 1800
8 86400
2048 21000
40 1800
2 1800
48 1800
64 1800
10 1800
8 86400
2 60
128 1800
32 86400
8 86400
128 1800
8192 72000
8 86400
128 1800
2432 3600
2 60
8 86400
2432 3600
384 1800
2432 3600
2 60
1056 3540
1 60
4 420
1024 3540
4 420
4 420
2 1800
2432 9000
9 1800
192 1800
1 1800
2 60
4096 30000
1024 3540
2 1800
2 60
4 1800
16 1800
384 1800
32 1800
1 1800
1024 3540
2 1800
8192 72000
16 3600
4 1800
24 3600
32 3600
32 1800
96 1800
128 1800
192 1800
128 1800
256 1800
1 1800
512 1800
4096 30000
1056 3540
4096 30000
1 36000
128 1800
1056 3540
128 1800
1056 3540
64 1800
128 1800
1 1800
48 1800
2 1800
1024 86400
1 1800
2048 72000
64 1800
64 1800
2 1800
64 1800
384 1800
4 1800
256 1200
256 1200
2432 12000
8 1800
32 36000
16 1800
128 1800
32 1800
384 1800
64 1800
2304 1800
32 36000
2048 1800
512 86400
128 18000
2048 1800
16 1800
128 1800
512 1800
512 240
32 1800
2304 1800
2304 1800
32 240
256 1200
256 1200
128 240
1 86400
1 86400
1 86400
512 240
256 86400
256 1200
256 1200
256 1200
256 1200
32 1800
1264 11040
2304 1800
1952 9000
4064 16020
6144 9000
864 8040
1 36000
1024 7200
256 1200
32 1800
1 600
1 600
2 600
4 600
8 600
32 1800
1 86400
32 1800
2 420
32 1800
4 420
32 1800
32 1800
64 1800
64 1800
256 1800
256 1800
256 1800
256 1800
1056 3540
1056 3540
1056 3540
512 240
1056 3540
2048 240
1056 3540
1056 3540
8192 3600
1056 3540
1056 3540
1056 3540
1056 3540
8192 3600
32 600
1056 3540
1056 3540
1056 3540
1056 3540
1056 3540
1056 3540
128 600
1056 3540
1056 3540
1264 22020
128 600
1056 3540
2432 12000
512 600
1056 3540
2048 600
1056 3540
1056 3540
1056 3540
1056 3540
2048 1020
2048 72000
512 86400
8192 2040
256 1800
8192 2040
256 1800
256 1800
256 1800
32 86400
32 86400
2 1800
2 1800
192 1800
2 1800
2 1800
2 1800
2 1800
2 1800
2 1800
2 1800
8 1800
2 1800
2 1800
2 1800
2 1800
4 1800
4 1800
4 1800
4 1800
4 1800
4 1800
2 1800
2 1800
2 1800
32 86400
2 1800
2 1800
2 1800
2 1800
2 1800
2 1800
2 1800
4 1800
4 1800
2 1800
2 1800
2 1800
2 1800
5 1800
4 1800
4 1800
4 1800
2 1800
2 1800
2 1800
2 1800
4 1800
2 1800
2 1800
2 1800
2 1800
2 1800
2 1800
2 1800
2 1800
3 1800
2 1800
2 1800
2 1800
2 1800
2 1800
2 1800
2 1800
2 1800
2 1800
2 1800
2 1800
2 1800
2 1800
2 1800
5 1800
2 1800
2 1800
2 1800
2 1800
2 1800
2 1800
2 1800
2 1800
2 1800
2 1800
2 1800
2 1800
2 1800
2 1800
2 1800
2 1800
2 1800
2 1800
2 1800
2 1800
2 1800
2 1800
2 1800
2 1800
2 1800
2 1800
32 86400
2 1800
2 1800
2 1800
2 1800
2 1800
2 1800
2 1800
2 1800
2 1800
2 1800
2 1800
2 1800
2 1800
2 1800
2 1800
2 1800
2 1800
2 1800
2 1800
2 1800
2 1800
2 1800
2 1800
2 1800
2 1800
2 1800
9 1800
2 1800
2 1800
9 1800
2 1800
2 1800
2 1800
6 1800
2 1800
2 1800
2 1800
2 1800
2 1800
2 1800
3 1800
2 1800
2 1800
2 1800
2 1800
2 1800
2 1800
2 1800
2 1800
2 1800
2 1800
2 1800
2 1800
2 1800
4 1800
2 1800
2 1800
2 1800
1264 11040
2 1800
2 1800
2 1800
2 1800
2 1800
2 1800
2 1800
2 1800
2 1800
2 1800
4 1800
2 1800
2 1800
2 1800
2 1800
2 1800
2 1800
2 1800
2 1800
2 1800
2 1800
2 1800
2 1800
2 1800
2 1800
2 1800
3 1800
4 1800
4 1800
4 1800
4 1800
2 1800
2 1800
4 1800
4 1800
2 1800
2 1800
2 1800
2 1800
2 1800
2 1800
32 86400
2 1800
2 1800
2 1800
2 1800
2 1800
2 1800
2 1800
2 1800
2 1800
2 1800
2 1800
2 1800
3 1800
2 1800
9 1800
3 1800
2 1800
2 1800
2 1800
2 1800
2 1800
2 1800
2 1800
2 1800
2 1800
2 1800
2 1800
2 1800
2 1800
2 1800
2 1800
2 1800
2 1800
2 1800
2 1800
2 1800
2 1800
2 1800
2 1800
2 1800
2 1800
2 1800
3 1800
3 1800
32 86400
4 1800
4 1800
4 1800
2 1800
2 1800
2 1800
2 1800
2 1800
20 1800
4 1800
4 1800
4 1800
4 1800
12 1800
12 1800
8192 72000
32 86400
2 1800
32 86400
2 1800
2 1800
2 1800
2 1800
2 1800
2 1800
10 1800
10 1800
2 1800
2 1800
2 1800
2 1800
2 1800
2 1800
2 1800
2 1800
2 1800
2 1800
4 1800
4 1800
4 1800
32 86400
4 1800
4 1800
4 1800
2 1800
2 1800
2 1800
2 1800
2 1800
2 1800
2 1800
9 1800
2 1800
2 1800
1 600
2 1800
2 1800
2 1800
2 1800
2 1800
256 43260
2 1800
1 600
2 1800
8192 21000
2 1800
2432 12000
2048 21000
2 1800
1024 72000
1024 72000
2 1800
2048 30000
2 1800
2 1800
2 1800
2048 21000
2 1800
2 1800
2 1800
2 1800
2 1800
2 1800
2 1800
2 1800
2 1800
1024 86400
2 1800
24 4800
2 1800
2 1800
128 43200
2 1800
2 1800
2048 1800
2 1800
2 1800
2 1800
1288 1800
2 1800
2 1800
2 1800
2 1800
32 86400
2 1800
2 1800
2 1800
2 1800
2 1800
2 1800
2 1800
2 1800
2 1800
1056 3540
2 1800
2 1800
2 1800
1024 86400
2 1800
2 1800
2 1800
1056 3540
2 1800
2 1800
2 1800
2 1800
9 1800
2 1800
1056 3540
3 1800
2432 50040
4 1800
1056 3540
3 1800
2 1800
2 1800
256 86400
512 86040
2 1800
2 1800
1056 3540
2 1800
2 1800
512 86040
2 1800
2 1800
2 1800
2 1800
2 1800
2 1800
2 1800
2 1800
2432 50040
1056 3540
2 1800
16 14400
1056 3540
2 1800
2 1800
512 86040
2 1800
2 1800
1056 3540
2 1800
2 1800
2 1800
1056 3540
2 1800
1056 3540
2 1800
2 1800
2 1800
2 1800
1056 3540
2 1800
2 1800
2 1800
4 1800
2432 12000
576 3600
1152 3600
2304 3600
128 1800
128 1800
128 1800
128 1800
2 1800
2 1800
2 1800
5 1800
2 1800
2 1800
2 1800
8 86400
4 1800
64 86400
4 1800
4 1800
512 1800
1024 1800
1024 1800
4 1800
1024 1800
1024 1800
6 1800
3 1800
2 1800
2 1800
2 1800
1 1800
2 1800
2 1800
2 1800
4 1800
2048 1800
2048 1800
2 1800
1760 86400
2 1800
2 1800
1056 3540
2 1800
2 1800
576 3600
1152 3600
2304 3600
2 1800
1056 3540
2 1800
128 86400
2 1800
2 1800
1 1800
2 1800
576 3600
1152 3600
2304 3600
4608 3600
2 1800
2 1800
128 86400
2 1800
2 1800
1760 86400
2 1800
512 86400
2 1800
1 1800
2 1800
2 1800
2 1800
2 1800
2 1800
2 1800
2 1800
2048 21000
32 86400
2 1800
4 1800
8 1800
1024 7200
128 86400
2 1800
2 1800
12288 21000
128 86400
2 1800
32 1800
2 1800
2 1800
1024 3540
2048 1800
4096 900
8160 480
2 1800
2 1800
2 1800
384 1800
1024 21000
2 1800
512 86400
2 1800
256 1200
2 1800
12288 21000
2 1800
512 1800
2 1800
1088 24540
1536 24540
2048 24540
2 1800
256 1200
2 1800
64 56040
128 28020
256 14040
512 7020
2 1800
3 1800
576 3600
1152 3600
2304 3600
2 1800
256 1200
2 1800
2 1800
1760 86400
2 1800
2 1800
2 1800
256 1200
1536 24540
2 1800
2 1800
2 1800
8 1800
256 1200
512 86400
8 1800
2 1800
128 1800
864 8040
8 1800
8 1800
576 3600
1152 3600
2304 3600
4 1800
512 86400
2 1800
1 1020
2 1800
2 1800
256 1200
880 1800
576 3600
1152 3600
256 1200
2304 3600
2 1800
880 1800
2 1800
2 1800
880 1800
2 1800
128 1800
880 1800
2 1800
256 1200
2 1800
2 1800
869 1800
2 1800
512 86040
2 1800
2 1800
128 1800
2 1800
2 1800
1 1020
2 1800
128 1800
2 1800
2 1800
128 1800
384 1800
8 1800
8 1800
4 1800
2 1800
2 1800
2 1800
1024 86400
2 1800
1536 24540
2 1800
32 1800
1536 24540
3 1800
2048 24540
3 1800
8 1800
1536 24540
2048 24540
8 1800
2 1800
2 1800
2 1800
32 1800
2 1800
512 86040
2 1800
2 1800
2 1800
2 1800
384 1800
2 1800
512 86040
384 1800
2 1800
2 1800
2 1800
512 18000
1024 72000
1024 72000
2048 40020
2048 40020
2048 40020
2048 40020
2048 40020
2048 40020
2048 40020
2048 40020
2048 40020
2048 40020
2048 40020
2048 40020
2048 40020
2048 40020
2048 40020
2048 40020
2048 40020
2048 40020
2048 60000
2048 60000
2048 60000
2048 60000
1 86400
2048 60000
1 86400
1 86400
2048 60000
1 86400
1 86400
2048 60000
1 86400
1 86400
2048 60000
1 86400
2048 60000
2048 60000
2 1800
2 1800
2 1800
2 1800
32 600
2 1800
2 1800
2 1800
384 1800
32 1800
2 1800
2 1800
2 1800
2 1800
2 1800
2 1800
2 1800
2 1800
32 600
2 1800
2 1800
2 1800
2 1800
2 1800
2 1800
2 1800
2 1800
2 1800
2 1800
512 14400
2 1800
2 1800
2 1800
2 1800
512 50040
512 50040
512 50040
512 50040
2 1800
512 50040
384 1800
2 1800
2 1800
512 14400
2 1800
2 1800
32 1800
2 1800
2 1800
3 1800
128 18000
2 1800
128 1800
2 1800
2 1800
2 1800
2 1800
32 1800
2 1800
2 1800
2 1800
2 1800
2 1800
2 1800
16 1800
2 1800
2 1800
2 1800
2 1800
2 1800
2 1800
2 1800
60 86400
2 1800
4096 72000
2 1800
512 1800
2 1800
2 1800
2 1800
2 1800
2 1800
576 3600
1152 3600
2304 3600
2 1800
2 1800
4 1800
4 1800
1 600
4 1800
1 600
2 1800
2 1800
2 1800
2 1800
1 600
2 1800
2 1800
576 3600
1152 3600
2304 3600
2 1800
512 10800
2 1800
2 1800
32 1020
1 600
1760 86400
32 1020
4096 5400
2 1800
2 1800
4096 5400
576 3600
1152 3600
2304 3600
2 1800
2 1800
576 3600
1152 3600
2304 3600
2 1800
2 1800
2048 72000
2 1800
2 1800
2 1800
4 86400
4 86400
4 86400
4 86400
4 86400
4 86400
2 1800
2 1800
2 1800
2432 7200
2 86400
2 86400
2 1800
2 86400
1024 86400
384 1800
1024 86400
2 1800
2 1800
2 1800
128 1800
2 1800
24 86400
1024 86400
24 86400
2 1800
384 86400
2 1800
2 1800
384 18000
2 1800
2 1800
2 1800
16 1800
1760 86400
2 1800
16 1800
32 1020
2 1800
16 1800
2 1800
8 420
4096 5400
2 1800
8 420
1024 86400
512 7020
1024 3540
2048 1800
4096 900
8160 480
8 420
64 3600
8 3600
1 600
128 1800
1 600
128 1800
512 1800
576 3600
1152 3600
2304 3600
192 86400
192 86400
16 1800
576 3600
1152 3600
2304 3600
2432 50040
576 3600
1152 3600
2304 3600
576 3600
1152 3600
2304 3600
384 86400
32 86400
64 420
16 14400
128 1800
32 86400
384 18000
8 86400
4096 5400
8 86400
1 1020
1 300
4 1800
256 86400
256 86400
4 1800
256 1800
16 1800
32 86400
1 300
32 86400
2 600
2 600
1 86400
2 86400
1 600
16 600
32 86400
108 1800
1 86400
16 1800
384 18000
32 1800
108 1800
320 86400
108 1800
2 86400
256 1800
32 86400
4 86400
6 86400
1088 24540
1536 24540
2048 24540
8 86400
512 86400
1088 24540
1536 24540
2048 24540
320 86400
64 1800
64 1800
32 1800
1 86400
32 86400
1 1800
64 1800
256 3600
32 1800
1 1020
256 3600
2 1020
2 1020
64 1800
2 1020
32 1800
64 86400
256 3600
32 36420
1 600
2 1020
2 1020
576 3600
1152 3600
33 1800
32 1800
64 1800
64 1800
64 1800
32 1800
8192 3600
32 1800
32 1800
384 18000
32 86400
108 1800
32 1800
128 3000
32 1800
64 420
256 1800
32 600
64 300
64 420
64 300
256 1800
32 600
8192 2040
1 86400
32 1800
32 600
32 600
32 1800
128 1020
320 86400
576 3600
1152 3600
32 600
576 3600
1152 3600
2304 3600
576 3600
1152 3600
2304 3600
576 3600
1152 3600
2304 3600
512 7200
32 2040
256 1800
32 1800
64 600
2304 3600
1056 3540
1056 3540
64 600
4096 5400
128 600
128 600
32 1800
32 2040
512 18000
1056 3540
512 18000
256 7200
2048 30000
256 7200
256 420
8 600
32 600
32 600
256 3600
1024 7200
1024 72000
256 720
24 86400
512 3600
256 1020
128 1800
2432 12000
256 1020
1024 7200
1 300
1040 3540
1040 3540
1040 3540
1040 3540
8192 7200
32 300
1040 7020
1056 7020
1024 480
1024 480
128 86400
2016 7020
1 86400
1 86400
64 300
16 86400
64 300
16 86400
16 86400
32 1800
16 86400
32 1800
64 300
16 1020
32 600
128 21000
1024 86400
128 21000
64 720
64 720
32 300
128 21000
1760 86400
128 21000
4096 3600
2 1800
2 1800
1 1800
128 21000
2 1800
2 1800
32 600
2 1800
4 1800
2 1800
2 1800
1 1800
128 21000
160 86400
2 1800
2 1800
4 1800
128 21000
32 600
2016 7020
256 7200
256 7200
256 7200
256 7200
128 21000
64 50040
32 3600
64 50040
64 50040
64 50040
512 72000
32 1200
256 86400
1264 44040
32 1200
32 1200
32 1200
1024 84000
32 600
32 1200
128 3600
32 6000
256 3600
256 3600
32 86400
512 14400
256 3600
1024 480
1024 480
512 72000
128 86400
64 300
64 300
64 300
64 300
64 600
64 300
128 86400
256 72000
2048 72000
4096 72000
512 86400
32 1800
32 1800
512 1800
64 1800
1024 1800
2 1800
256 1800
2 1800
1024 1800
2 1800
4096 1800
2 1800
2 1800
2 1800
2 1800
2 1800
1024 1800
64 1800
64 1800
256 1800
1024 7200
2 1800
1024 1800
4096 1800
512 21600
8192 1800
8192 7200
8 1800
2 1800
1024 1800
2 1800
2 1800
1024 1800
2 1800
1024 7200
1024 1800
4 1800
4 1800
4 1800
4 1800
4 1800
4096 1800
4 1800
2 1800
2 1800
2 1800
4096 1800
2 1800
2 1800
2 1800
2 1800
4096 72000
2 1800
2 1800
8192 72000
192 1800
2 1800
4 1800
4 1800
4096 1440
2 1800
2 1800
2 1800
2 1800
4096 3600
5 1800
4 1800
4 1800
4 1800
2 1800
2 1800
2 1800
2 1800
4 1800
2 1800
2 1800
2 1800
2 1800
2 1800
2 1800
2 1800
2 1800
1024 14400
3 1800
2 1800
2 1800
2 1800
2 1800
2 1800
2 1800
2 1800
2 1800
2 1800
2 1800
2 1800
2 1800
2 1800
4096 3600
2 1800
1024 14400
5 1800
2 1800
2 1800
1024 14400
2 1800
2 1800
2 1800
2 1800
2 1800
2 1800
2 1800
2 1800
2 1800
2 1800
2 1800
2 1800
4096 3600
2 1800
2 1800
4096 3600
2 1800
2 1800
2 1800
2 1800
2 1800
2 1800
2 1800
2 1800
2 1800
2 1800
2 1800
2 1800
2 1800
2 1800
2 1800
2 1800
2 1800
2 1800
2 1800
2 1800
2 1800
2 1800
2 1800
2 1800
2 1800
2 1800
2 1800
2 1800
2 1800
2 1800
2 1800
2 1800
32 86400
2 1800
2 1800
2 1800
2 1800
9 1800
2 1800
2 1800
9 1800
2 1800
2 1800
2 1800
6 1800
2 1800
2 1800
2 1800
2 1800
2 1800
2 1800
3 1800
2 1800
2 1800
2 1800
2 1800
2 1800
2 1800
2 1800
2 1800
2 1800
2 1800
2 1800
2 1800
2 1800
4 1800
2 1800
2 1800
2 1800
2 1800
2 1800
2 1800
2 1800
2 1800
2 1800
2 1800
2 1800
2 1800
2 1800
4 1800
2 1800
2 1800
2 1800
2 1800
2 1800
2 1800
2 1800
2 1800
2 1800
2 1800
2 1800
2 1800
2 1800
2 1800
2 1800
3 1800
4 1800
4 1800
4 1800
4 1800
2 1800
2 1800
4 1800
4 1800
2 1800
2 1800
2 1800
2 1800
2 1800
2 1800
2 1800
2 1800
2 1800
2 1800
2 1800
2 1800
2 1800
2 1800
2 1800
2 1800
2 1800
2 1800
3 1800
2 1800
9 1800
3 1800
2 1800
2 1800
2 1800
2 1800
2 1800
2 1800
2 1800
2 1800
2 1800
2 1800
2 1800
2 1800
2 1800
2 1800
2 1800
2 1800
2 1800
2 1800
2 1800
2 1800
2 1800
2 1800
2 1800
2 1800
2 1800
2 1800
3 1800
3 1800
4 1800
4 1800
4 1800
2 1800
2 1800
2 1800
2 1800
2 1800
20 1800
4 1800
4 1800
4 1800
32 86400
4 1800
12 1800
12 1800
2 1800
2 1800
2 1800
2 1800
2 1800
2 1800
2 1800
10 1800
10 1800
2 1800
2 1800
2 1800
2 1800
2 1800
2 1800
2 1800
2 1800
2 1800
2 1800
1024 72000
1024 72000
2048 30000
1024 72000
4 1800
4 1800
1024 21600
4 1800
4 1800
4 1800
4 1800
2 1800
2 1800
2 1800
2 1800
2 1800
128 21000
2 1800
32 86400
2 1800
9 1800
2 1800
2 1800
2 1800
2 1800
2 1800
2 1800
2 1800
2 1800
2 1800
2 1800
2 1800
2 1800
2 1800
2 1800
2 1800
2 1800
2 1800
2 1800
2 1800
2 1800
2 1800
256 1800
2 1800
2 1800
2 1800
2 1800
2 1800
2 1800
2 1800
2 1800
2 1800
2 1800
2 1800
2 1800
2 1800
2 1800
2 1800
2 1800
2 1800
2 1800
2 1800
2 1800
2 1800
2 1800
2 1800
1024 21600
2 1800
576 3600
1152 3600
2304 3600
2 1800
32 86400
2 1800
2 1800
128 21000
2 1800
2 1800
64 50040
2 1800
64 50040
2 1800
1024 3600
2048 3600
4096 3600
2 1800
16 1800
2 1800
2 1800
9 1800
2 1800
3 1800
256 86400
4 1800
128 86400
3 1800
2 1800
2 1800
256 1800
2 1800
2 1800
128 21000
2 1800
128 1800
64 1800
32 1800
16 1800
8 1800
4 1800
2 1800
4 420
2 1800
2 1800
2 1800
2 1800
4 420
2 1800
2 1800
128 86400
2 1800
1 1800
4 420
2 1800
64 600
2 1800
2 1800
256 1800
128 1800
2 1800
128 7620
2 1800
512 21600
4 420
2 1800
512 21600
2 1800
1024 480
1024 480
1024 480
1024 480
2 1800
1024 480
1024 480
1024 480
1024 480
2 1800
64 1500
2 1800
4224 3600
64 600
128 21000
7168 3600
1024 240
5120 3600
1024 3540
32 2040
64 1440
128 1200
64 1320
256 600
128 1800
512 420
1024 300
1024 21600
128 1200
1024 3540
32 86400
2 1800
4 420
2 1800
64 1200
1024 3540
2 1800
2 1800
8192 2040
512 1800
1024 3540
2 1800
2 1800
256 840
1024 7200
2 1800
128 1800
1024 21600
1024 3540
128 86400
4000 86400
2 1800
8192 2040
32 1800
4 1800
2 1800
4 420
2 1800
2 1800
8192 2040
5 1800
1024 21600
2 1800
1024 3540
2 1800
4 420
2 1800
120 86400
8192 2040
2048 72000
256 1800
1024 3540
4 1800
128 1800
1760 86400
4 1800
8192 72000
4 1800
1024 1800
4 1800
6 1800
3 1800
1024 3540
2 1800
64 2640
2 1800
2 1800
2 1800
2 1800
2018 2040
2 1800
64 1800
128 1800
4 1800
64 2520
16 1800
2 1800
64 2400
16 1800
2 1800
512 7200
2 1800
128 2220
2 1800
1024 3540
512 7200
16 1800
2 1800
2 1800
2 1800
2 1800
2 1800
128 1020
2 1800
1032 3540
2 1800
2 1800
512 7200
2 1800
2 1800
2 1800
2 1800
2 1800
512 1800
2 1800
1040 3540
2 1800
2 1800
2 1800
2 1800
32 1800
2048 1800
2 1800
2016 7020
32 3600
2 1800
256 1800
512 1020
16 1800
2 1800
1024 540
2048 4140
4096 72000
2 1800
2 1800
32 86400
1024 21600
2 1800
2 1800
2 1800
512 7200
4096 2040
2 1800
2 1800
128 1500
2 1800
32 1800
256 900
2 1800
2 1800
2 1800
32 1800
512 600
16 1800
2 1800
32 1800
512 86040
2000 7200
256 86400
64 4800
2 1800
256 7200
512 86040
2 1800
256 7200
3 1800
256 7200
32 1800
2 1800
2 1800
32 1800
2 1800
128 1200
2 1800
6 86400
2048 1800
16 1800
2 1800
256 780
2 1800
512 360
32 1800
8192 2040
2 1800
2 1800
1024 300
512 86040
2 1800
32 3600
8 1800
8 1800
2 1800
8192 240
8 1800
128 1020
64 4800
8 1800
4 1800
2 1800
8 86400
2 1800
8 86400
2 1800
2 1800
2 1800
2 1800
2 1800
2 1800
128 21000
2 1800
64 1800
2 1800
2 1800
2 1800
2 1800
2 1800
1024 1800
32 86400
2 1800
4096 1800
2 1800
2 1800
288 86400
32 86400
512 86040
2 1800
256 480
512 300
512 50040
2 1800
512 50040
512 50040
512 50040
512 50040
2 1800
2 1800
3 1800
8192 2040
2 1800
1760 3600
2 1800
32 86400
2 1800
128 86400
1760 3600
2 1800
2 1800
1760 3600
512 480
2 1800
2 1800
2 1800
1024 300
2 1800
64 86400
2 1800
256 43920
528 21900
1024 9120
2 1800
32 86400
128 76200
128 3600
2 1800
32 86400
1024 360
32 86400
2064 4560
4 1800
2 1800
64 1800
32 86400
2 1800
2 1800
32 1800
2048 1800
2 1800
128 1800
2 1800
4112 1860
8256 1380
2 1800
128 76200
2 1800
32 1800
2 1800
128 1800
2 1800
32 1800
4096 72000
2 1800
128 1800
2 1800
2 1800
2048 1800
2 1800
32 86400
2 1800
32 2400
2 1800
512 1800
4 1800
4 1800
4 1800
1088 24540
1536 24540
1088 24540
1536 24540
2048 24540
2 1800
32 86400
2 1800
2 1800
16 1800
2 1800
1760 3600
2 1800
2 1800
256 7200
256 7200
128 86400
2 1800
2 1800
128 1800
2 1800
8 86400
128 1800
1024 21600
1024 21600
1024 21600
8 86400
2 1800
2 1800
2 1800
16 1800
2 1800
2 1800
2 1800
2 1800
2 1800
2 1800
2 1800
2 1800
2 1800
2 1800
2 1800
8 86400
2 1800
8 86400
2 1800
2 1800
2 1800
2 1800
2 1800
8 86400
2 1800
2 1800
2 86400
2 1800
2 1800
16 3600
2 1800
2 1800
2 86400
1024 86400
1024 86400
2 1800
2 86400
32 1800
4 86400
1760 3600
4 86400
4 86400
4 86400
2 1800
2 1800
2 86400
2 1800
128 86040
4 1800
4 86400
4 1800
4 1800
4 1800
2 86400
1024 21000
32 1800
4 86400
32 1800
4096 72000
4 86400
128 3600
512 28800
32 1800
6 86400
2 1800
8 86400
1024 21600
2 1800
2 1800
10 86400
2 1800
12 86400
2 1800
2 1800
2 1800
2 1800
14 86400
16 86400
2 1800
2 1800
2 1800
2 1800
512 18000
2 1800
2 1800
16 3600
16 3600
16 3600
16 3600
16 3600
16 3600
16 3600
16 3600
16 3600
16 3600
16 3600
16 3600
16 3600
16 3600
16 3600
16 3600
16 3600
16 3600
16 3600
16 3600
16 3600
16 3600
16 3600
16 3600
16 3600
16 3600
16 3600
16 3600
16 3600
16 3600
16 3600
16 3600
16 3600
16 3600
16 3600
16 3600
16 3600
16 3600
16 3600
16 3600
2 1800
16 3600
16 3600
16 3600
16 3600
16 3600
16 3600
16 3600
16 3600
16 3600
16 3600
16 3600
16 3600
16 3600
16 3600
16 3600
16 3600
16 3600
16 3600
16 3600
16 3600
16 3600
16 3600
16 3600
16 3600
16 3600
16 3600
16 3600
16 3600
16 3600
16 3600
16 3600
16 3600
2 1800
2 1800
2 1800
880 1800
2 1800
2 1800
64 300
2 1800
2 1800
512 21000
2 1800
2 1800
2 1800
2 1800
2 1800
2 1800
2 1800
2 1800
32 120
2 1800
2 1800
880 86400
4 1800
32 120
2 1800
512 86400
16 1800
512 86400
16 1800
4096 3600
2 1800
512 86400
2 1800
2 1800
48 1800
2 1800
2 1800
48 1800
2 1800
2 1800
4224 3600
1760 3600
1024 480
1024 480
2 1800
2 1800
2 1800
5120 3600
32 86400
2 1800
2 1800
16 1800
2 1800
3 1800
1024 480
3 1800
1024 480
2 1800
512 21000
2 1800
2 1800
2 1800
2 1800
2 1800
2 1800
3 1800
100 1800
2 1800
2 1800
2 1800
32 86400
100 1800
2 1800
128 1800
6 1800
100 1800
2000 36000
2 1800
2 86400
2 86400
2 86400
25 1800
4224 3600
2 1800
2 1800
2 1800
32 2520
512 21000
32 2520
2 1800
16 1800
128 1800
2 1800
128 1800
2 1800
128 18000
32 2640
2 86400
2 1800
128 1800
2 86400
2 86400
2 1800
1 1800
128 1800
2432 50040
16 1800
2 1800
6 86400
6 86400
64 86400
96 86400
4 1800
128 1800
32 600
1 1800
1760 3600
32 600
2 1800
4 1800
128 1800
1024 300
512 540
256 600
1024 480
128 1200
1024 480
64 1500
2000 36000
16 1800
32 600
4064 40020
6144 40020
1952 9000
128 1800
864 8040
2000 36000
256 600
1024 21600
32 600
256 7200
32 2100
832 43200
256 600
32 600
128 1800
32 600
256 600
3840 3600
32 600
32 600
256 86400
2 1800
2 1800
128 10020
256 600
2 1800
2 1800
64 86400
128 76200
256 43920
528 21900
1024 9120
2064 4560
4112 1860
8256 1380
2 1800
512 420
32 120
3840 3600
2 1800
1024 300
512 300
1024 300
1024 300
1024 300
128 1020
512 86040
240 1800
128 1800
512 86040
64 1500
128 1800
128 10020
256 600
128 1800
512 420
128 18000
8192 72000
1024 240
1024 300
1024 300
128 10020
64 2400
1024 300
32 120
64 1920
128 10020
64 3600
320 86400
240 1800
128 1800
32 120
64 1200
64 1200
32 120
128 1380
128 1020
128 1800
128 840
32 120
128 900
2048 8640
256 720
256 600
256 540
128 1800
256 540
256 86400
512 420
512 360
128 1800
1024 300
2048 30000
1024 240
1024 180
4096 6000
1024 180
128 10020
128 1800
1 86400
240 1800
512 10020
4608 2400
32 600
128 1800
128 10020
32 600
256 600
1 86400
256 540
128 1800
32 600
240 1800
256 600
1760 14400
128 1800
512 600
2048 80040
128 1800
2 86400
512 360
1024 70020
1024 360
32 600
1024 360
128 86400
2 86400
1024 43200
1024 43200
32 600
64 2640
1024 43200
1024 43200
64 6000
240 1800
1760 14400
32 600
16 1800
32 600
256 1200
1 1800
1024 1200
1024 1200
1024 1200
256 86400
32 600
1 1800
32 600
1025 7200
32 1800
1 1800
128 86040
1 1800
64 86400
128 76200
256 43920
528 21900
1024 9120
2064 4560
4112 1860
8256 1380
1 86400
32 600
32 600
32 600
32 600
6400 3600
5600 3600
1 86400
1024 86400
4 86400
4 86400
2048 8640
4 86400
4 86400
32 86400
1264 44040
128 86400
4096 1800
4096 1800
256 86400
128 21600
1040 7200
2 600
3840 3600
32 86400
32 86400
4 86400
4 86400
4 86400
1 1800
2 600
1 1800
4 86400
4 86400
4 86400
4 86400
4 86400
4 86400
4 86400
4 86400
4 86400
4 86400
4 86400
4 86400
4 86400
4 86400
4 86400
4 86400
4 86400
4 86400
4 86400
4 86400
4 86400
4 86400
4 86400
4 86400
4 86400
4 86400
4 86400
4 86400
4 86400
4 86400
4 86400
4 86400
2 600
1 1800
1024 86400
1 1800
128 21600
6176 3600
1 1800
2048 8640
4 86400
1 1800
4 86400
1 1800
128 86400
1 1800
1 1800
8192 14400
8192 14400
32 86400
3840 3600
32 86400
128 86400
512 72000
1040 7200
8192 14400
8190 14400
8192 14400
64 86400
128 76200
256 43920
528 21900
1024 9120
2064 4560
8192 14400
3200 3600
3200 3600
3200 3600
3200 3600
2048 8640
64 86400
3200 3600
3200 3600
3360 3600
3264 3600
2 1800
2 1800
192 1800
2 1800
2 1800
2 1800
2 1800
2 1800
2 1800
2 1800
8 1800
2 1800
2 1800
4096 3600
2 1800
2 1800
4 1800
4 1800
4 1800
4 1800
4 1800
4 1800
2 1800
2 1800
2 1800
2 1800
2 1800
2048 8640
2 1800
2 1800
2 1800
2 1800
2 1800
4 1800
4 1800
2 1800
2 1800
2 1800
2 1800
5 1800
4 1800
4 1800
4 1800
2 1800
2 1800
2 1800
2 1800
4 1800
2 1800
2 1800
2 1800
2 1800
2 1800
2 1800
2 1800
2 1800
3 1800
2 1800
2 1800
2 1800
2 1800
2 1800
2 1800
2 1800
2 1800
2 1800
2 1800
2 1800
2 1800
2 1800
2 1800
5 1800
2 1800
2 1800
2 1800
2 1800
2 1800
2 1800
2 1800
2 1800
1 3600
2 1800
2 1800
2 1800
2 1800
2 1800
2 1800
2 1800
2 1800
2 1800
2 1800
2 1800
2 1800
2 1800
2 1800
2 1800
2 1800
2 1800
2 1800
2 1800
2 1800
2 1800
2 1800
2 1800
2 1800
2 1800
2 1800
2 1800
2 1800
2 1800
2 1800
3392 3600
2 1800
2 1800
2 1800
2 1800
2 1800
2 1800
2 1800
2 1800
2 1800
2 1800
2 1800
2 1800
2 1800
2 1800
9 1800
2 1800
2 1800
9 1800
2 1800
2 1800
2 1800
6 1800
2 1800
2 1800
2 1800
2 1800
2 1800
2 1800
3 1800
2 1800
2 1800
2 1800
2 1800
2 1800
2 1800
256 26400
2 1800
2 1800
2 1800
2 1800
2 1800
2 1800
2 1800
4 1800
2 1800
2 1800
2048 8640
2 1800
2 1800
2 1800
2 1800
2 1800
2 1800
2 1800
2 1800
2 1800
2 1800
2 1800
4 1800
2 1800
2 1800
2 1800
2 1800
2 1800
2 1800
2 1800
2 1800
2 1800
2 1800
2 1800
2 1800
2 1800
2 1800
2 1800
3 1800
4 1800
4 1800
4 1800
4 1800
2 1800
2 1800
4 1800
4 1800
2 1800
2 1800
2 1800
2 1800
2 1800
2 1800
2 1800
2 1800
2 1800
2 1800
2 1800
2 1800
2 1800
2 1800
2 1800
2 1800
2 1800
2 1800
3 1800
512 86400
2 1800
9 1800
3 1800
2 1800
2 1800
2 1800
2 1800
2 1800
2 1800
2 1800
2 1800
2 1800
2 1800
2 1800
2 1800
2 1800
2 1800
2 1800
2 1800
2 1800
2 1800
2 1800
2 1800
2 1800
2 1800
2 1800
2 1800
2 1800
2 1800
3 1800
3 1800
4 1800
4 1800
4 1800
2 1800
2 1800
2 1800
2 1800
2 1800
20 1800
4 1800
4 1800
2048 8640
4 1800
4 1800
12 1800
12 1800
2 1800
2 1800
2 1800
2 1800
2 1800
2 1800
2 1800
10 1800
10 1800
2 1800
2 1800
2 1800
2 1800
2 1800
2 1800
2 1800
2 1800
2 1800
2 1800
4 1800
4 1800
4 1800
4 1800
4 1800
4 1800
2 1800
2 1800
2 1800
2 1800
2 1800
2 1800
2 1800
9 1800
2 1800
2 1800
2 1800
2 1800
2 1800
2 1800
2 1800
2 1800
2 1800
8192 14400
2 1800
2 1800
2 1800
1024 43200
1024 43200
2 1800
1024 43200
1024 43200
4 600
2 1800
2 1800
4 600
64 86400
128 76200
256 43920
528 21900
1024 9120
2064 4560
4112 1860
8256 1380
2 1800
2 1800
4 600
2 1800
2 1800
2 1800
1 600
2 1800
2 1800
2 1800
1 600
4096 28800
2 1800
1 600
2 1800
2 1800
2 1800
1024 43200
2 1800
2 1800
2 1800
2 1800
32 600
2 1800
2 1800
2 1800
4096 28800
2 1800
16 600
2 1800
2 1800
2 1800
32 600
2 1800
2 1800
2 1800
2 1800
2 1800
2 1800
2048 8640
2 1800
8192 72000
8 600
2 1800
2 1800
8192 72000
8192 14400
2 1800
8192 3600
8 600
2 1800
2 1800
8 600
2 1800
2 1800
2 1800
2 1800
8 600
2 1800
8192 72000
8192 3600
9 1800
8 600
2 1800
1 600
3 1800
4 1800
4096 72000
3 1800
2 1800
2 1800
2 1800
2 1800
2 1800
2 1800
512 86400
2 1800
2 1800
2 1800
2 1800
2 1800
2 1800
2 1800
2 1800
2048 72000
2 1800
2 1800
2 1800
2 1800
2 1800
2 1800
2 1800
2 1800
2 1800
2 1800
2 1800
2 1800
2 1800
2 1800
2 1800
2 1800
4 1800
2 1800
2 1800
2 1800
5 1800
2 1800
2 1800
2 1800
4 1800
4 1800
4 1800
4 1800
6 1800
2048 72000
3 1800
2 1800
2 1800
2 1800
2 1800
2 1800
2 1800
4 1800
2 1800
2 1800
2 1800
2 1800
2 1800
2 1800
2 1800
2 1800
2 1800
2 1800
2 1800
2 1800
2 1800
2 1800
2 1800
2 1800
2 1800
2 1800
2 1800
2 1800
2 1800
4 86400
2 1800
2 1800
2 1800
2 1800
2 1800
2 1800
2 1800
2 1800
2 1800
2 1800
2 1800
2 1800
2 1800
2 1800
2 1800
2 1800
2 1800
2 1800
3 1800
2 1800
2 1800
2 1800
2 1800
2 1800
2 1800
2 1800
2 1800
2 1800
8 1800
8 1800
2 1800
6784 3600
8 1800
8 1800
4 1800
2 1800
2 1800
6976 3600
7168 3600
2048 8640
2 1800
2 1800
2 1800
256 1200
2 1800
256 1200
2 1800
256 1200
256 1200
4 86400
2 1800
4 86400
4 86400
4 86400
4 86400
4 86400
4 86400
4 86400
4 86400
4 86400
4 86400
4 86400
4 86400
4 86400
4 86400
4 86400
4 86400
4 86400
4 86400
4 86400
4 86400
4 86400
2 1800
4 86400
4 86400
4 86400
4 86400
4 86400
4 86400
4 86400
4 86400
4 86400
4 86400
2 1800
2 1800
2 1800
2 1800
256 1200
2 1800
256 1200
2 1800
2 1800
2 1800
2 1800
4 86400
256 1200
256 1200
8 1800
8 1800
4 1800
2 1800
2 1800
2 1800
2 1800
2 1800
3 1800
3 1800
8 1800
8 1800
4 86400
4 86400
4 86400
128 1800
4 86400
256 1200
2 1800
4 86400
256 1200
2 1800
4 86400
128 1800
4 86400
4 86400
4 86400
2 1800
4 86400
4 86400
2 1800
4 86400
4 86400
2 1800
4 86400
4 86400
4 86400
2 1800
4 86400
2 1800
4 86400
4 86400
4 86400
2 1800
4 86400
4 86400
4 86400
2 1800
4 86400
4 86400
256 1200
4 86400
4 86400
2 1800
4 86400
4 86400
4 86400
2 1800
4 86400
256 1200
2 1800
256 86400
2 1800
128 86400
2 1800
2 1800
48 1800
2 1800
2 1800
256 1200
2 1800
2 1800
2 1800
2 1800
48 1800
2 1800
8224 14400
2 1800
128 18000
2 1800
256 1200
256 1200
48 1800
2 1800
2 1800
2 1800
128 21600
2 1800
2 1800
2 1800
128 21600
2 1800
48 1800
2 1800
2 1800
128 21600
256 1200
2 1800
2 1800
48 1800
2 1800
48 1800
128 21600
2 1800
2 1800
2 1800
2 1800
2 1800
2 1800
2 1800
2 1800
2 1800
2 1800
256 1200
2 1800
48 1800
2 1800
2 1800
3 1800
2 1800
2 1800
2 1800
2 1800
128 21600
2 1800
2 1800
2 1800
2 1800
128 21600
2 1800
256 1200
2 1800
2 1800
2 1800
2 1800
2 1800
2 1800
2 1800
128 1800
2 1800
2 1800
128 21600
2 1800
2 1800
2 1800
8320 14400
2 1800
2 1800
2 1800
2 1800
2 1800
2 1800
4 1800
4 1800
4 1800
2 1800
2 1800
2 1800
2 1800
2 1800
2 1800
2 1800
2 1800
2 1800
1024 86400
128 1800
48 1800
1264 4020
2 1800
2 1800
2 1800
2 1800
2 1800
2 1800
2 1800
2 1800
2 1800
2 1800
2 1800
128 18000
2 1800
2 1800
2 1800
2 1800
2 1800
128 18000
2 1800
2 1800
2 1800
2 1800
2 1800
2 1800
2 1800
2 1800
2 1800
2 1800
2 1800
2 1800
2 1800
2 1800
2 1800
4 1800
4 1800
4 1800
4 1800
128 1800
2 1800
2 1800
2 1800
2 1800
2 1800
2 1800
2 1800
2 1800
2 1800
2 1800
2 1800
128 1800
2 1800
2 1800
2 1800
2 1800
2 1800
2 1800
2 1800
2 1800
2 1800
32 120
2 1800
2 1800
2 1800
2 1800
2 1800
2 1800
2 1800
2 1800
2 1800
2 1800
2 1800
2 1800
4 1800
2 1800
2 1800
2 1800
32 120
2 1800
2 1800
2 1800
32 120
2 1800
2 1800
8224 14400
2 1800
2 1800
2 1800
2 1800
32 120
2 1800
3 1800
3 1800
2 1800
2 1800
2 1800
96 60
2 1800
2 1800
2 1800
2 1800
3 1800
2 1800
32 600
2 1800
2 1800
2 1800
6 1800
2 1800
2 1800
2 1800
2 1800
2 1800
2 1800
2 1800
2 1800
2 1800
128 1800
2 1800
2 1800
2 1800
2 1800
2 1800
2 1800
2 1800
2 1800
2 1800
2 1800
2 1800
2 1800
2 1800
2 1800
32 600
2 1800
2 1800
2 1800
2 1800
2 1800
2 1800
2 1800
2 1800
128 600
4 1800
4 1800
4 1800
2 1800
2 1800
2 1800
4 1800
2 1800
2 1800
2 1800
2 1800
2 1800
2 1800
2 1800
512 600
2 1800
2 1800
1264 4020
2 1800
2 1800
2 1800
2 1800
128 1800
2 1800
2 1800
2 1800
2 1800
2 1800
2 1800
2 1800
2 1800
2 1800
10 1800
2 1800
2048 600
8 1800
10 1800
2 1800
2 1800
2 1800
2 1800
2 1800
2 1800
2 1800
2 1800
2 1800
4 1800
2 1800
2 1800
3 1800
2 1800
2 1800
4 1800
2 1800
4 1800
4 1800
4 1800
2 1800
2 1800
4 1800
4 1800
2 1800
4 1800
2 1800
4 1800
1 1800
128 36000
2 1800
4 1800
1 1800
2 1800
4 1800
8192 1200
10 1800
10 1800
10 1800
10 1800
2 1800
2 1800
2 1800
2 1800
2 1800
2 1800
96 60
8224 14400
256 86400
256 1800
256 1800
8224 14400
256 1800
8208 14400
256 1800
256 1800
256 1800
512 86400
256 1800
2000 1800
2000 1800
8320 14400
2000 1800
8224 14400
512 86040
512 86040
128 2400
256 1800
4096 1800
256 1800
256 86400
32 86400
512 86040
4 86400
4 86400
512 7200
1024 7200
2048 7200
4096 7200
8192 7200
8192 72000
2048 72000
2048 72000
8192 72000
8192 72000
1024 86400
256 86400
512 86400
32 86400
8192 72000
32 86400
3392 86040
32 86400
8220 14400
32 86400
8220 14400
256 86400
1024 84000
8204 14400
32 86400
32 86400
32 86400
8316 14400
8252 14400
8444 14400
8444 14400
512 72000
8316 14400
8444 14400
4096 61200
128 86400
128 86400
128 86400
64 86400
512 86400
1024 43200
1024 43200
1024 43200
32 900
32 900
512 72000
128 36000
2048 86400
2048 7200
2048 7200
2048 7200
3072 7200
3072 7200
3072 7200
3072 7200
128 21600
1040 7200
128 21600
1024 86400
3072 7200
3072 7200
128 21600
128 21600
128 21600
128 21600
128 21600
1024 86400
10 1800
10 1800
10 1800
128 21600
10 1800
10 1800
128 1800
128 1800
8192 72000
3018 7200
3018 7200
3018 7200
2081 7200
2081 7200
128 1800
128 1800
128 1800
128 1800
3018 7200
3018 7200
3018 7200
3018 7200
3018 7200
3018 7200
3018 7200
3018 7200
4096 7200
10 1800
10 1800
2048 7200
2048 7200
2048 7200
2 1800
10 1800
10 1800
2 1800
2 1800
128 1800
128 1800
1 1800
8192 72000
256 86400
2048 72000
8192 72000
1 1800
128 18000
128 18000
1 1800
48 1800
8192 72000
1 1800
2048 3600
1024 3600
512 3600
512 3600
64 86400
2048 3600
2048 3600
64 86400
512 3600
64 86400
64 86400
512 80040
64 86400
512 80040
4096 61200
64 86400
32 86400
64 86400
64 86400
4096 61200
1024 1200
1024 1200
1024 1200
1024 1200
1024 1200
1024 1200
1024 2400
3016 7200
3016 7200
3016 7200
32 86400
3016 7200
3016 7200
64 300
3016 7200
512 86400
1024 2400
64 86400
3016 7200
1024 84000
64 300
1024 300
32 300
256 86400
512 300
1024 2400
1024 2400
64 300
1024 2400
1024 2400
1024 2400
1024 2400
1024 2400
1024 2400
48 1800
256 300
1024 2400
2 1800
64 300
512 300
512 80040
512 80040
512 80040
3488 86040
3456 86040
128 86400
3360 86040
3264 86040
3296 86040
3264 86040
128 86400
3232 86040
3200 86040
256 26400
1024 43200
1024 43200
1024 43200
1024 43200
1024 43200
1024 43200
1024 43200
1024 43200
1024 43200
1024 43200
1024 72000
1024 72000
2048 30000
1024 21000
128 10020
1024 72000
128 86400
128 86400
128 18000
128 86400
1024 86400
1024 86400
128 86400
128 86400
256 540
256 540
1024 43200
1024 2400
1024 2400
1024 2400
128 18000
256 720
1024 2400
512 50040
512 50040
512 50040
1024 480
1024 480
512 50040
512 50040
512 86400
1760 14400
512 50040
512 50040
512 50040
512 50040
512 50040
256 86400
1024 300
1024 300
1024 300
1024 2400
1024 480
1024 2400
320 86400
6784 3600
6976 3600
7168 3600
256 2400
1024 480
1024 86400
256 2400
80 3600
256 2400
256 2400
512 86040
256 2400
32 86400
256 2400
256 2400
512 86040
256 2400
256 2400
32 86400
256 2400
32 86400
256 2400
80 3600
128 21600
128 21600
1024 2400
512 6000
512 6000
128 21600
128 21600
1024 72000
1024 72000
2048 40020
2048 40020
2048 40020
2048 40020
2048 40020
2048 40020
2048 40020
2048 40020
32 86400
128 21600
512 6000
128 2400
128 2400
7776 86400
128 2400
128 2400
128 2400
128 2400
1024 86400
128 2400
7776 86400
192 21600
1024 86400
1024 86400
7776 86400
128 600
128 600
128 600
8192 72000
192 21600
8192 72000
128 21600
512 6000
512 80040
128 600
8448 14400
128 1800
1 1800
