142 86400
3 1800
708 72000
142 86400
3 1800
142 86400
23 21000
142 86400
3 1800
142 86400
142 86400
142 86400
45 21000
142 86400
89 21000
177 21000
354 21000
45 21000
177 900
708 21000
142 86400
1416 72000
177 900
177 86400
1416 21000
142 86400
45 72000
6 1800
5663 1800
89 1800
45 72000
45 21600
45 21600
45 21600
45 21600
177 72000
177 72000
177 36000
177 36000
177 86400
177 72000
177 86400
142 86400
1416 21000
23 21000
708 21000
142 86400
177 21000
12 1020
45 72000
45 72000
1416 72000
142 86400
142 86400
6 86400
89 86400
142 86400
142 86400
12 1020
12 240
12 86400
12 86400
12 86400
89 86400
89 86400
89 86400
354 1800
177 72000
1416 72000
45 72000
23 21000
177 21000
1416 21000
1416 21000
354 1800
708 86040
708 1800
2832 1800
2832 1800
2832 1800
2832 1800
2832 1800
2832 1800
1416 72000
177 86400
177 86400
177 86400
177 86400
177 86400
177 86400
177 86400
177 86400
177 86400
177 28800
6 86400
6 86400
6 86400
354 72000
177 86400
6 86400
6 86400
6 86400
6 86400
6 86400
6 86400
6 86400
6 86400
6 86400
6 86400
6 86400
6 86400
6 86400
6 86400
6 86400
6 86400
6 86400
6 86400
6 86400
6 86400
6 86400
6 86400
6 86400
6 86400
6 86400
6 86400
6 86400
6 86400
6 86400
6 86400
6 86400
6 86400
6 86400
6 86400
6 86400
6 86400
6 86400
6 86400
6 86400
6 86400
6 86400
6 86400
6 86400
6 86400
6 86400
6 86400
6 86400
6 86400
6 86400
6 86400
6 86400
6 86400
6 86400
6 86400
6 86400
6 86400
6 86400
6 86400
6 86400
6 86400
6 86400
6 86400
6 86400
6 86400
6 86400
6 86400
6 86400
6 86400
6 86400
6 86400
6 86400
6 86400
6 86400
6 86400
6 86400
6 86400
6 86400
6 86400
6 86400
6 86400
6 86400
6 86400
6 86400
6 86400
6 86400
6 86400
6 86400
6 86400
6 86400
6 86400
6 86400
6 86400
6 86400
6 86400
6 86400
6 86400
6 86400
6 86400
6 86400
6 86400
6 86400
6 86400
45 21600
6 86400
45 21600
6 86400
6 86400
354 60000
6 86400
6 86400
6 86400
6 86400
6 86400
6 86400
6 86400
6 86400
6 86400
6 86400
6 86400
6 86400
6 86400
6 86400
6 86400
6 86400
6 86400
6 86400
6 86400
6 86400
6 86400
6 86400
6 86400
6 86400
6 86400
6 86400
6 86400
6 86400
6 86400
6 86400
6 86400
6 86400
6 86400
6 86400
6 86400
6 86400
6 86400
1416 21000
6 86400
1416 21000
6 86400
354 1800
6 86400
6 86400
89 86400
6 86400
89 86400
89 86400
6 86400
6 86400
89 86400
6 86400
6 86400
6 86400
89 86040
6 86400
6 86400
6 86400
6 86400
6 86400
142 86400
1 86400
6 86400
6 86400
142 86400
23 86400
708 86040
6 86400
142 86400
142 86400
89 86400
45 21000
89 21000
354 21000
708 21000
6 86400
89 86400
12 240
89 2400
142 86400
142 86400
12 86400
12 86400
12 86400
6 86400
708 1800
177 36000
3 1800
1 1800
1 1800
142 86400
142 86400
1062 3600
1416 3600
23 86400
177 72000
12 86400
2832 1800
89 1800
89 1800
144 86400
3 8400
708 1800
89 50040
708 1800
89 50040
223 1800
89 50040
89 80040
89 50040
2832 1800
1770 3600
1770 3600
177 21000
6 3600
23 86400
45 21600
177 72000
142 86400
1037 2400
1 1800
1 1800
1 1800
1 1800
1 1800
142 86400
142 86400
12 1800
23 1800
45 1800
89 1800
23 86400
177 3600
89 1800
177 3600
177 3600
6 3600
89 3600
89 86400
1 1800
142 86400
177 3600
89 86400
23 86040
89 1800
89 86400
1 300
9 3600
1 300
2832 1800
89 1800
89 1800
2832 1800
177 72000
177 72000
1 86400
1 86400
1 86400
1 86400
6 86400
6 86400
6 86400
2124 21000
3 1800
6 86400
6 86400
3 300
6 86400
3 1800
3 1800
142 86400
211 50040
3 1800
3 1800
177 86400
3 1800
3 1800
1 86400
1 86400
6 1800
177 3600
12 1800
5 1800
142 86400
305 86400
89 2040
211 50040
5 1800
142 86400
23 21000
12 86400
211 50040
692 86400
6 1800
2 600
45 21000
6 1800
5 1800
6 1800
89 21000
89 21000
177 21000
1416 21000
354 21000
177 28800
23 1800
89 1800
1416 72000
89 1800
3 86400
177 28800
3 86400
3 86400
3 86400
1 86400
3 86400
3 86400
305 86400
3 86400
3 86400
3 86400
421 50040
177 86400
3 86400
177 28800
338 9000
703 16020
1062 9000
150 8040
177 7200
89 1800
3 86400
89 1800
12 86400
23 1800
12 86400
12 86400
708 3600
89 10800
12 86400
12 86400
3 86400
3 86400
3 86400
5663 1800
3 86400
3 86400
3 86400
3 86400
3 86400
3 86400
3 86400
23 7200
6 86400
6 86400
6 86400
6 86400
6 86400
6 86400
6 86400
6 86400
6 86400
3 86400
1 1800
13 1800
144 1800
13 1800
13 1800
23 1800
13 1800
13 1800
18 1800
34 1800
1 86400
144 1800
354 80040
177 70020
1 60
6 600
1 60
6 600
12 540
6 3600
6 1800
2832 1800
89 1800
1416 3600
147 1800
146 1800
89 1800
1 60
3 86400
89 1800
6 600
692 600
349 86400
3 300
12 3600
177 86400
1 86400
3 86400
3 300
3 86400
3 86400
1 86400
1 86400
1 86400
45 86400
89 3600
3 300
23 86400
89 3600
153 1800
89 3600
6 300
18 1800
177 86400
1 86400
177 86400
18 1800
2832 3600
5663 2340
11325 1200
23 43200
23 360
6 600
18 1800
23 360
6 300
177 86400
708 21000
177 86400
23 360
6 600
89 3600
23 360
23 360
45 360
6 300
89 3600
89 1800
6 600
45 21600
177 86400
1416 30000
1 300
45 360
89 86400
89 3600
45 360
45 360
45 360
6 600
89 3600
45 360
89 1800
177 86400
1 300
89 3600
1416 3600
708 86400
177 86400
89 3600
45 1800
23 1800
6 600
6 600
12 600
23 1800
12 600
153 1800
12 86400
177 21000
1416 30000
153 1800
45 72000
1416 3600
708 30000
354 34200
305 86400
354 34200
153 1800
3 8400
23 840
177 86400
153 1800
153 86400
45 21600
23 40020
23 40020
2832 36000
1416 36000
45 21600
45 21600
2832 3600
1416 3600
5663 2340
11325 1200
5663 2340
2832 3600
5 1800
5 1800
5663 2340
5 1800
219 8040
23 86400
1416 3600
708 3600
354 3600
708 3600
6 1800
708 3600
45 360
45 360
45 360
45 360
708 3600
5 1800
45 360
1062 21000
2 1800
1062 21000
12 1020
2 1800
1416 21000
2 1800
2 1800
1770 7200
1770 7200
1416 21000
708 86040
354 72000
708 3600
12 1020
12 1020
1416 21000
1416 21000
12 1020
1416 21000
708 3600
45 360
45 360
1416 3600
1416 3600
12 1020
45 360
45 360
1416 3600
89 86400
708 3600
708 54000
12 1020
45 360
45 360
1 1020
1 1020
1 1020
1 540
1 540
12 540
45 360
45 360
23 86400
23 86400
23 86400
45 360
45 1200
219 12000
45 1200
219 12000
219 12000
219 12000
219 8040
219 4020
219 8040
1643 14400
1 86400
1 86400
1 86400
1 86400
1 86400
1 86400
1 86400
1 86400
1 86400
1 86400
1 86400
1 86400
1 86400
1416 72000
354 30000
354 72000
1062 21000
6 86400
1416 21000
23 21000
23 21000
89 21000
177 21000
177 72000
45 43260
45 43200
45 43200
45 43200
23 43200
23 43200
23 43200
3 1800
9 1800
12 3600
23 43200
23 43200
1 86400
23 21000
177 72000
12 1800
1 86400
1 86400
1 86400
23 1800
23 1800
23 1800
23 21000
89 21000
23 1800
1 60
23 86400
177 72000
1 60
45 86400
12 86400
12 86400
1643 7200
5663 2340
11325 1200
719 86040
5663 2340
1 60
1 60
9 3600
45 3600
2 60
3 60
1643 14400
23 86400
6 60
1643 14400
23 1800
1643 14400
1 60
3 60
1643 14400
1643 7200
354 72000
45 3600
1643 7200
5663 2340
11325 1200
1416 72000
1 60
89 86400
421 50040
177 72000
89 1800
45 1800
23 1800
12 1800
6 1800
3 1800
2 1800
1 1800
1 1800
1 1800
89 1800
45 1800
23 1800
12 1800
6 1800
3 1800
2 1800
1 1800
1 1800
1 1800
89 1800
45 1800
23 1800
12 1800
6 1800
3 1800
2 1800
1 1800
1 1800
1 60
1 1800
89 1800
45 1800
23 1800
12 1800
6 1800
3 1800
2 1800
1 1800
1 1800
1 1800
45 21600
89 1800
45 1800
23 1800
12 1800
6 1800
3 1800
2 1800
1 1800
1 1800
1 1800
45 21600
2 1800
2 1800
1 600
5663 2340
1062 21000
1643 7200
23 86400
11 1800
1 600
21 86400
1 600
1416 86400
1 600
1643 7200
1643 14400
89 180
1 60
89 180
1643 7200
45 1200
45 1200
1 600
11 1800
45 21000
1 600
6 86400
89 21000
45 1200
305 86400
45 1200
1416 180
1 1800
6 1800
6 1800
1062 21000
6 1800
1416 3600
6 1800
45 1200
6 1800
45 1200
1 72000
1643 14400
6 1800
2 1800
1 600
6 1800
421 50040
1643 7200
1 300
2832 3600
5663 2340
11325 1200
421 50040
23 1800
1 300
23 1800
1643 7200
1 600
2832 3600
3285 14400
6 1800
6 1800
1 600
2 600
1 300
6 1800
6 1800
6 1800
2 1800
2 1800
5663 2340
1 300
6 1800
1 300
2 600
1 300
177 86400
1 300
1416 3600
1 300
354 21000
708 1440
1 600
1416 3600
6 1800
23 1800
1 1800
2 600
183 3540
2 1800
11 1800
9 4800
2 1800
2 1800
23 1800
177 36000
9 4800
177 36000
23 86040
183 1800
177 86400
183 1800
708 21000
354 21000
354 1800
6 1800
45 21000
6 1800
6 1800
23 21000
89 21000
1 86400
177 21000
6 86400
1416 180
708 21000
11 1800
1416 21000
11 1800
6 86400
183 1800
6 600
183 1800
719 3600
183 1800
45 1200
23 60
1643 7200
89 60
1643 3600
183 1800
183 1800
89 240
45 1200
183 1800
3285 14400
183 1800
45 21600
45 21600
1643 2040
421 50040
177 36000
708 21000
354 240
354 240
3 1200
1643 2040
354 240
45 1200
183 1800
183 1800
89 240
183 1800
183 1800
1643 2040
183 1800
3285 14400
183 1800
183 1800
183 1800
183 1800
1 86400
1416 72000
354 72000
1 86400
23 1800
1 86400
1 600
89 240
2 86400
1 86400
1 86400
1 1800
3285 3600
1 1800
3 86400
