142 86400
3 1800
708 72000
142 86400
3 1800
142 86400
23 21000
142 86400
3 1800
142 86400
142 86400
142 86400
45 21000
142 86400
89 21000
177 21000
354 21000
45 21000
177 900
708 21000
142 86400
1416 72000
177 900
177 86400
1416 21000
142 86400
45 72000
6 1800
5663 1800
89 1800
45 72000
45 21600
45 21600
45 21600
45 21600
177 72000
177 72000
177 36000
177 36000
177 86400
177 72000
177 86400
142 86400
1416 21000
23 21000
708 21000
142 86400
177 21000
12 1020
45 72000
45 72000
1416 72000
142 86400
142 86400
6 86400
89 86400
142 86400
142 86400
12 1020
12 240
12 86400
12 86400
12 86400
89 86400
89 86400
89 86400
354 1800
177 72000
1416 72000
45 72000
23 21000
177 21000
1416 21000
1416 21000
354 1800
708 86040
708 1800
2832 1800
2832 1800
2832 1800
2832 1800
2832 1800
2832 1800
1416 72000
177 86400
177 86400
177 86400
177 86400
177 86400
177 86400
177 86400
177 86400
177 86400
177 28800
6 86400
6 86400
6 86400
354 72000
177 86400
6 86400
6 86400
6 86400
6 86400
6 86400
6 86400
6 86400
6 86400
6 86400
6 86400
6 86400
6 86400
6 86400
6 86400
6 86400
6 86400
6 86400
6 86400
6 86400
6 86400
6 86400
6 86400
6 86400
6 86400
6 86400
6 86400
6 86400
6 86400
6 86400
6 86400
6 86400
6 86400
6 86400
6 86400
6 86400
6 86400
6 86400
6 86400
6 86400
6 86400
6 86400
6 86400
6 86400
6 86400
6 86400
6 86400
6 86400
6 86400
6 86400
6 86400
6 86400
6 86400
6 86400
6 86400
6 86400
6 86400
6 86400
6 86400
6 86400
6 86400
6 86400
6 86400
6 86400
6 86400
6 86400
6 86400
6 86400
6 86400
6 86400
6 86400
6 86400
6 86400
6 86400
6 86400
6 86400
6 86400
6 86400
6 86400
6 86400
6 86400
6 86400
6 86400
6 86400
6 86400
6 86400
6 86400
6 86400
6 86400
6 86400
6 86400
6 86400
6 86400
6 86400
6 86400
6 86400
6 86400
6 86400
6 86400
6 86400
6 86400
6 86400
6 86400
45 21600
6 86400
45 21600
6 86400
6 86400
354 60000
6 86400
6 86400
6 86400
6 86400
6 86400
6 86400
6 86400
6 86400
6 86400
6 86400
6 86400
6 86400
6 86400
6 86400
6 86400
6 86400
6 86400
6 86400
6 86400
6 86400
6 86400
6 86400
6 86400
6 86400
6 86400
6 86400
6 86400
6 86400
6 86400
6 86400
6 86400
6 86400
6 86400
6 86400
6 86400
6 86400
6 86400
1416 21000
6 86400
1416 21000
6 86400
354 1800
6 86400
6 86400
89 86400
6 86400
89 86400
89 86400
6 86400
6 86400
89 86400
6 86400
6 86400
6 86400
89 86040
6 86400
6 86400
6 86400
6 86400
6 86400
142 86400
1 86400
6 86400
6 86400
142 86400
23 86400
708 86040
6 86400
142 86400
142 86400
89 86400
45 21000
89 21000
354 21000
708 21000
6 86400
89 86400
12 240
89 2400
142 86400
142 86400
12 86400
12 86400
12 86400
6 86400
708 1800
177 36000
3 1800
1 1800
1 1800
142 86400
142 86400
1062 3600
1416 3600
23 86400
177 72000
12 86400
2832 1800
89 1800
89 1800
144 86400
3 8400
708 1800
89 50040
708 1800
89 50040
223 1800
89 50040
89 80040
89 50040
2832 1800
1770 3600
1770 3600
177 21000
6 3600
23 86400
45 21600
177 72000
142 86400
1037 2400
1 1800
1 1800
1 1800
1 1800
1 1800
142 86400
142 86400
12 1800
23 1800
45 1800
89 1800
23 86400
177 3600
89 1800
177 3600
177 3600
6 3600
89 3600
89 86400
1 1800
142 86400
177 3600
89 86400
23 86040
89 1800
89 86400
1 300
9 3600
1 300
2832 1800
89 1800
89 1800
2832 1800
177 72000
177 72000
1 86400
1 86400
1 86400
1 86400
6 86400
6 86400
6 86400
2124 21000
3 1800
6 86400
6 86400
3 300
6 86400
3 1800
3 1800
142 86400
211 50040
3 1800
3 1800
177 86400
3 1800
3 1800
1 86400
1 86400
6 1800
177 3600
12 1800
5 1800
142 86400
305 86400
89 2040
211 50040
5 1800
142 86400
23 21000
12 86400
211 50040
692 86400
6 1800
2 600
45 21000
6 1800
5 1800
6 1800
89 21000
89 21000
177 21000
1416 21000
354 21000
177 28800
23 1800
89 1800
1416 72000
89 1800
3 86400
177 28800
3 86400
3 86400
3 86400
1 86400
3 86400
3 86400
305 86400
3 86400
3 86400
3 86400
421 50040
177 86400
3 86400
177 28800
338 9000
703 16020
1062 9000
150 8040
177 7200
89 1800
3 86400
89 1800
12 86400
23 1800
12 86400
12 86400
708 3600
89 10800
12 86400
12 86400
3 86400
3 86400
3 86400
5663 1800
3 86400
3 86400
3 86400
3 86400
3 86400
3 86400
3 86400
23 7200
6 86400
6 86400
6 86400
6 86400
6 86400
6 86400
6 86400
6 86400
6 86400
3 86400
1 1800
13 1800
144 1800
13 1800
13 1800
23 1800
13 1800
13 1800
18 1800
34 1800
1 86400
144 1800
354 80040
177 70020
1 60
6 600
1 60
6 600
12 540
6 3600
6 1800
2832 1800
89 1800
1416 3600
147 1800
146 1800
89 1800
1 60
3 86400
89 1800
6 600
692 600
349 86400
3 300
12 3600
177 86400
1 86400
3 86400
3 300
3 86400
3 86400
1 86400
1 86400
1 86400
45 86400
89 3600
3 300
23 86400
89 3600
153 1800
89 3600
6 300
18 1800
177 86400
1 86400
177 86400
18 1800
2832 3600
5663 2340
11325 1200
23 43200
23 360
6 600
18 1800
23 360
6 300
177 86400
708 21000
177 86400
23 360
6 600
89 3600
23 360
23 360
45 360
6 300
89 3600
89 1800
6 600
45 21600
177 86400
1416 30000
1 300
45 360
89 86400
89 3600
45 360
45 360
45 360
6 600
89 3600
45 360
89 1800
177 86400
1 300
89 3600
1416 3600
708 86400
177 86400
89 3600
45 1800
23 1800
6 600
6 600
12 600
23 1800
12 600
153 1800
12 86400
177 21000
1416 30000
153 1800
45 72000
1416 3600
708 30000
354 34200
305 86400
354 34200
153 1800
3 8400
23 840
177 86400
153 1800
153 86400
45 21600
23 40020
23 40020
2832 36000
1416 36000
45 21600
45 21600
2832 3600
1416 3600
5663 2340
11325 1200
5663 2340
2832 3600
5 1800
5 1800
5663 2340
5 1800
219 8040
23 86400
1416 3600
708 3600
354 3600
708 3600
6 1800
708 3600
45 360
45 360
45 360
45 360
708 3600
5 1800
45 360
1062 21000
2 1800
1062 21000
12 1020
2 1800
1416 21000
2 1800
2 1800
1770 7200
1770 7200
1416 21000
708 86040
354 72000
708 3600
12 1020
12 1020
1416 21000
1416 21000
12 1020
1416 21000
708 3600
45 360
45 360
1416 3600
1416 3600
12 1020
45 360
45 360
1416 3600
89 86400
708 3600
708 54000
12 1020
45 360
45 360
1 1020
1 1020
1 1020
1 540
1 540
12 540
45 360
45 360
23 86400
23 86400
23 86400
45 360
45 1200
219 12000
45 1200
219 12000
219 12000
219 12000
219 8040
219 4020
219 8040
1643 14400
1 86400
1 86400
1 86400
1 86400
1 86400
1 86400
1 86400
1 86400
1 86400
1 86400
1 86400
1 86400
1 86400
1416 72000
354 30000
354 72000
1062 21000
6 86400
1416 21000
23 21000
23 21000
89 21000
177 21000
177 72000
45 43260
45 43200
45 43200
45 43200
23 43200
23 43200
23 43200
3 1800
9 1800
12 3600
23 43200
23 43200
1 86400
23 21000
177 72000
12 1800
1 86400
1 86400
1 86400
23 1800
23 1800
23 1800
23 21000
89 21000
23 1800
1 60
23 86400
177 72000
1 60
45 86400
12 86400
12 86400
1643 7200
5663 2340
11325 1200
719 86040
5663 2340
1 60
1 60
9 3600
45 3600
2 60
3 60
1643 14400
23 86400
6 60
1643 14400
23 1800
1643 14400
1 60
3 60
1643 14400
1643 7200
354 72000
45 3600
1643 7200
5663 2340
11325 1200
1416 72000
1 60
89 86400
421 50040
177 72000
89 1800
45 1800
23 1800
12 1800
6 1800
3 1800
2 1800
1 1800
1 1800
1 1800
89 1800
45 1800
23 1800
12 1800
6 1800
3 1800
2 1800
1 1800
1 1800
1 1800
89 1800
45 1800
23 1800
12 1800
6 1800
3 1800
2 1800
1 1800
1 1800
1 60
1 1800
89 1800
45 1800
23 1800
12 1800
6 1800
3 1800
2 1800
1 1800
1 1800
1 1800
45 21600
89 1800
45 1800
23 1800
12 1800
6 1800
3 1800
2 1800
1 1800
1 1800
1 1800
45 21600
2 1800
2 1800
1 600
5663 2340
1062 21000
1643 7200
23 86400
11 1800
1 600
21 86400
1 600
1416 86400
1 600
1643 7200
1643 14400
89 180
1 60
89 180
1643 7200
45 1200
45 1200
1 600
11 1800
45 21000
1 600
6 86400
89 21000
45 1200
305 86400
45 1200
1416 180
1 1800
6 1800
6 1800
1062 21000
6 1800
1416 3600
6 1800
45 1200
6 1800
45 1200
1 72000
1643 14400
6 1800
2 1800
1 600
6 1800
421 50040
1643 7200
1 300
2832 3600
5663 2340
11325 1200
421 50040
23 1800
1 300
23 1800
1643 7200
1 600
2832 3600
3285 14400
6 1800
6 1800
1 600
2 600
1 300
6 1800
6 1800
6 1800
2 1800
2 1800
5663 2340
1 300
6 1800
1 300
2 600
1 300
177 86400
1 300
1416 3600
1 300
354 21000
708 1440
1 600
1416 3600
6 1800
23 1800
1 1800
2 600
183 3540
2 1800
11 1800
9 4800
2 1800
2 1800
23 1800
177 36000
9 4800
177 36000
23 86040
183 1800
177 86400
183 1800
708 21000
354 21000
354 1800
6 1800
45 21000
6 1800
6 1800
23 21000
89 21000
1 86400
177 21000
6 86400
1416 180
708 21000
11 1800
1416 21000
11 1800
6 86400
183 1800
6 600
183 1800
719 3600
183 1800
45 1200
23 60
1643 7200
89 60
1643 3600
183 1800
183 1800
89 240
45 1200
183 1800
3285 14400
183 1800
45 21600
45 21600
1643 2040
421 50040
177 36000
708 21000
354 240
354 240
3 1200
1643 2040
354 240
45 1200
183 1800
183 1800
89 240
183 1800
183 1800
1643 2040
183 1800
3285 14400
183 1800
183 1800
183 1800
183 1800
1 86400
1416 72000
354 72000
1 86400
23 1800
1 86400
1 600
89 240
2 86400
1 86400
1 86400
1 1800
3285 3600
1 1800
3 86400
9 1800
1 86400
3 86400
2 86400
1 86400
45 1800
23 1800
2 86400
3 86400
2 86400
2 86400
2 1800
2 420
2 420
2 420
2 420
3285 3600
2 86400
23 1800
23 1800
45 1800
45 1800
2 86400
9 1800
3285 3600
23 1800
2 86400
2 86400
1 1800
1 1800
1 1800
349 86400
1 1800
89 86400
2 1800
67 1800
1 300
223 1800
67 1800
177 86400
2832 3600
177 86400
1 86400
2 86400
67 1800
1 1800
1 1800
1 1800
2 1800
2832 3600
1 1800
1 1800
2 86400
1 1800
354 30000
2 1800
67 1800
1 1800
11 1800
1 1800
7 1800
2 1800
2 86400
354 21000
7 1800
1 1800
9 1800
12 1800
2 1800
2 86400
1 60
23 1800
6 86400
2 86400
23 1800
1416 72000
2 86400
23 1800
421 3600
1 60
2 86400
421 3600
67 1800
421 3600
1 60
183 3540
1 60
1 420
177 3540
1 420
1 420
1 1800
421 9000
2 1800
34 1800
3285 14400
1 1800
1 60
708 30000
3285 14400
177 3540
1 1800
1 60
1 1800
3 1800
67 1800
6 1800
1 1800
177 3540
1 1800
1416 72000
3 3600
1 1800
5 3600
6 3600
6 1800
17 1800
23 1800
34 1800
23 1800
45 1800
1 1800
89 1800
708 30000
183 3540
708 30000
1 36000
23 1800
183 3540
23 1800
183 3540
12 1800
23 1800
1 1800
9 1800
1 1800
177 86400
1 1800
354 72000
12 1800
12 1800
1 1800
12 1800
67 1800
1 1800
45 1200
45 1200
421 12000
2 1800
6 36000
3 1800
23 1800
6 1800
67 1800
12 1800
399 1800
6 36000
3285 14400
354 1800
89 86400
23 18000
354 1800
3 1800
23 1800
89 1800
89 240
6 1800
399 1800
399 1800
6 240
45 1200
45 1200
23 240
1 86400
1 86400
1 86400
89 240
45 86400
45 1200
45 1200
45 1200
45 1200
6 1800
219 11040
399 1800
338 9000
703 16020
1062 9000
150 8040
1 36000
177 7200
45 1200
6 1800
1 600
1 600
1 600
1 600
2 600
6 1800
1 86400
6 1800
1 420
6 1800
1 420
6 1800
6 1800
12 1800
12 1800
45 1800
45 1800
45 1800
45 1800
183 3540
183 3540
183 3540
89 240
183 3540
354 240
183 3540
183 3540
1416 3600
183 3540
183 3540
183 3540
183 3540
1416 3600
6 600
183 3540
183 3540
183 3540
183 3540
183 3540
183 3540
23 600
183 3540
183 3540
219 22020
23 600
183 3540
421 12000
89 600
183 3540
354 600
183 3540
183 3540
183 3540
183 3540
354 1020
354 72000
89 86400
1416 2040
45 1800
1416 2040
45 1800
45 1800
45 1800
6 86400
6 86400
1 1800
1 1800
34 1800
1 1800
1 1800
1 1800
1 1800
1 1800
1 1800
1 1800
2 1800
1 1800
1 1800
1 1800
1 1800
1 1800
1 1800
1 1800
1 1800
1 1800
1 1800
1 1800
1 1800
1 1800
6 86400
1 1800
1 1800
1 1800
1 1800
1 1800
1 1800
1 1800
1 1800
1 1800
1 1800
1 1800
1 1800
1 1800
1 1800
1 1800
1 1800
1 1800
1 1800
1 1800
1 1800
1 1800
1 1800
1 1800
1 1800
1 1800
1 1800
1 1800
1 1800
1 1800
1 1800
1 1800
1 1800
1 1800
1 1800
1 1800
1 1800
1 1800
1 1800
1 1800
1 1800
1 1800
1 1800
1 1800
1 1800
1 1800
1 1800
1 1800
1 1800
1 1800
1 1800
1 1800
1 1800
1 1800
1 1800
1 1800
1 1800
1 1800
1 1800
1 1800
1 1800
1 1800
1 1800
1 1800
1 1800
1 1800
1 1800
1 1800
1 1800
1 1800
1 1800
1 1800
1 1800
6 86400
1 1800
1 1800
1 1800
1 1800
1 1800
1 1800
1 1800
1 1800
1 1800
1 1800
1 1800
1 1800
1 1800
1 1800
1 1800
1 1800
1 1800
1 1800
1 1800
1 1800
1 1800
1 1800
1 1800
1 1800
1 1800
1 1800
2 1800
1 1800
1 1800
2 1800
1 1800
1 1800
1 1800
2 1800
1 1800
1 1800
1 1800
1 1800
1 1800
1 1800
1 1800
1 1800
1 1800
1 1800
1 1800
1 1800
1 1800
1 1800
1 1800
1 1800
1 1800
1 1800
1 1800
1 1800
1 1800
1 1800
1 1800
1 1800
219 11040
1 1800
1 1800
1 1800
1 1800
1 1800
1 1800
1 1800
1 1800
1 1800
1 1800
1 1800
1 1800
1 1800
1 1800
1 1800
1 1800
1 1800
1 1800
1 1800
1 1800
1 1800
1 1800
1 1800
1 1800
1 1800
1 1800
1 1800
1 1800
1 1800
1 1800
1 1800
1 1800
1 1800
1 1800
1 1800
1 1800
1 1800
1 1800
1 1800
1 1800
1 1800
6 86400
1 1800
1 1800
1 1800
1 1800
1 1800
1 1800
1 1800
1 1800
1 1800
1 1800
1 1800
1 1800
1 1800
1 1800
2 1800
1 1800
1 1800
1 1800
1 1800
1 1800
1 1800
1 1800
1 1800
1 1800
1 1800
1 1800
1 1800
1 1800
1 1800
1 1800
1 1800
1 1800
1 1800
1 1800
1 1800
1 1800
1 1800
1 1800
1 1800
1 1800
1 1800
1 1800
1 1800
1 1800
6 86400
1 1800
1 1800
1 1800
1 1800
1 1800
1 1800
1 1800
1 1800
4 1800
1 1800
1 1800
1 1800
1 1800
3 1800
3 1800
1416 72000
6 86400
1 1800
6 86400
1 1800
1 1800
1 1800
1 1800
1 1800
1 1800
2 1800
2 1800
1 1800
1 1800
1 1800
1 1800
1 1800
1 1800
1 1800
1 1800
1 1800
1 1800
1 1800
1 1800
1 1800
6 86400
1 1800
1 1800
5663 3600
1 1800
1 1800
1 1800
1 1800
1 1800
1 1800
1 1800
1 1800
2 1800
1 1800
1 1800
1 600
1 1800
1 1800
1 1800
1 1800
1 1800
45 43260
1 1800
1 600
1 1800
1416 21000
1 1800
421 12000
354 21000
1 1800
177 72000
177 72000
1 1800
354 30000
1 1800
1 1800
1 1800
354 21000
1 1800
1 1800
1 1800
1 1800
1 1800
1 1800
1 1800
1 1800
1 1800
177 86400
1 1800
5 4800
1 1800
1 1800
23 43200
1 1800
1 1800
354 1800
1 1800
1 1800
1 1800
223 1800
1 1800
1 1800
1 1800
1 1800
6 86400
1 1800
1 1800
1 1800
1 1800
1 1800
1 1800
1 1800
1 1800
1 1800
183 3540
1 1800
1 1800
1 1800
177 86400
1 1800
1 1800
1 1800
183 3540
1 1800
1 1800
1 1800
1 1800
2 1800
1 1800
183 3540
1 1800
421 50040
1 1800
183 3540
1 1800
1 1800
1 1800
45 86400
89 86040
1 1800
1 1800
183 3540
1 1800
1 1800
89 86040
1 1800
1 1800
1 1800
1 1800
1 1800
1 1800
1 1800
1 1800
421 50040
183 3540
1 1800
3 14400
183 3540
1 1800
1 1800
89 86040
1 1800
1 1800
183 3540
1 1800
1 1800
2832 5400
1 1800
183 3540
1 1800
183 3540
1 1800
1 1800
1 1800
1 1800
183 3540
1 1800
1 1800
1 1800
1 1800
421 12000
100 3600
200 3600
399 3600
23 1800
23 1800
23 1800
23 1800
1 1800
1 1800
1 1800
1 1800
1 1800
1 1800
1 1800
2 86400
1 1800
12 86400
1 1800
1 1800
89 1800
177 1800
177 1800
1 1800
177 1800
177 1800
2 1800
1 1800
1 1800
1 1800
1 1800
1 1800
1 1800
1 1800
2832 5400
1 1800
1 1800
354 1800
354 1800
1 1800
305 86400
1 1800
1 1800
183 3540
1 1800
1 1800
100 3600
200 3600
399 3600
1 1800
183 3540
1 1800
23 86400
1 1800
1 1800
1 1800
1 1800
100 3600
200 3600
399 3600
797 3600
1 1800
1 1800
23 86400
1 1800
1 1800
305 86400
1 1800
89 86400
1 1800
1 1800
1 1800
1 1800
1 1800
1 1800
1 1800
1 1800
1 1800
354 21000
6 86400
1 1800
1 1800
2 1800
177 7200
23 86400
1 1800
1 1800
2124 21000
23 86400
1 1800
6 1800
1 1800
1 1800
177 3540
354 1800
708 900
1411 480
1 1800
1 1800
1 1800
67 1800
177 21000
1 1800
89 86400
1 1800
45 1200
1 1800
2124 21000
1 1800
89 1800
1 1800
189 24540
266 24540
354 24540
1 1800
45 1200
1 1800
12 56040
23 28020
45 14040
89 7020
1 1800
1 1800
100 3600
200 3600
399 3600
1 1800
45 1200
1 1800
1 1800
305 86400
1 1800
1 1800
1 1800
45 1200
266 24540
1 1800
1 1800
1 1800
2 1800
45 1200
89 86400
2 1800
1 1800
23 1800
150 8040
2 1800
2 1800
100 3600
200 3600
399 3600
1 1800
89 86400
1 1800
1 1020
1 1800
1 1800
45 1200
153 1800
100 3600
200 3600
45 1200
399 3600
1 1800
153 1800
1 1800
1 1800
153 1800
1 1800
23 1800
153 1800
1 1800
45 1200
1 1800
1 1800
151 1800
1 1800
89 86040
1 1800
1 1800
23 1800
1 1800
1 1800
1 1020
1 1800
23 1800
1 1800
1 1800
23 1800
67 1800
2 1800
2 1800
1 1800
1 1800
1 1800
1 1800
177 86400
1 1800
266 24540
1 1800
6 1800
266 24540
1 1800
354 24540
1 1800
2 1800
266 24540
354 24540
2 1800
1 1800
1 1800
1 1800
6 1800
1 1800
89 86040
1 1800
1 1800
1 1800
1 1800
67 1800
1 1800
89 86040
67 1800
1 1800
1 1800
1 1800
89 18000
177 72000
177 72000
354 40020
354 40020
354 40020
354 40020
354 40020
354 40020
354 40020
354 40020
354 40020
354 40020
354 40020
354 40020
354 40020
354 40020
354 40020
354 40020
354 40020
354 40020
354 60000
354 60000
354 60000
354 60000
1 86400
354 60000
1 86400
1 86400
354 60000
1 86400
1 86400
354 60000
1 86400
1 86400
354 60000
1 86400
354 60000
354 60000
1 1800
1 1800
1 1800
1 1800
6 600
1 1800
1 1800
1 1800
67 1800
6 1800
1 1800
1 1800
1 1800
1 1800
1 1800
1 1800
1 1800
1 1800
6 600
1 1800
1 1800
1 1800
1 1800
1 1800
1 1800
1 1800
1 1800
1 1800
1 1800
89 14400
1 1800
1 1800
1 1800
1 1800
89 50040
89 50040
89 50040
89 50040
1 1800
89 50040
67 1800
1 1800
1 1800
89 14400
1 1800
1 1800
6 1800
1 1800
1 1800
1 1800
23 18000
1 1800
23 1800
1 1800
1 1800
1 1800
1 1800
6 1800
1 1800
1 1800
1 1800
1 1800
1 1800
1 1800
3 1800
1 1800
1 1800
1 1800
1 1800
1 1800
1 1800
1 1800
11 86400
1 1800
708 72000
1 1800
89 1800
1 1800
1 1800
1 1800
1 1800
1 1800
100 3600
200 3600
399 3600
1 1800
1 1800
1 1800
1 1800
1 600
1 1800
1 600
1 1800
1 1800
1 1800
1 1800
1 600
1 1800
1 1800
100 3600
200 3600
399 3600
1 1800
89 10800
1 1800
1 1800
6 1020
1 600
305 86400
6 1020
708 5400
1 1800
1 1800
708 5400
100 3600
200 3600
399 3600
1 1800
1 1800
100 3600
200 3600
399 3600
1 1800
1 1800
354 72000
1 1800
1 1800
1 1800
1 86400
1 86400
1 86400
1 86400
1 86400
1 86400
1 1800
1 1800
1 1800
421 7200
1 86400
1 86400
1 1800
1 86400
177 86400
67 1800
177 86400
1 1800
1 1800
1 1800
23 1800
1 1800
11325 1200
5 86400
2832 3600
177 86400
5 86400
1 1800
67 86400
1 1800
1 1800
67 18000
1 1800
1 1800
1 1800
3 1800
305 86400
1 1800
3 1800
6 1020
1 1800
3 1800
1 1800
2 420
708 5400
1 1800
2 420
177 86400
89 7020
177 3540
354 1800
708 900
1411 480
2 420
12 3600
2 3600
1 600
23 1800
1 600
23 1800
89 1800
100 3600
200 3600
399 3600
34 86400
34 86400
3 1800
100 3600
200 3600
399 3600
421 50040
100 3600
200 3600
399 3600
100 3600
200 3600
399 3600
67 86400
6 86400
12 420
3 14400
23 1800
6 86400
67 18000
2 86400
708 5400
2 86400
1 1020
1 300
1 1800
45 86400
45 86400
1 1800
45 1800
3 1800
6 86400
1 300
6 86400
1 600
1 600
2832 3600
1 86400
1 86400
1 600
3 600
6 86400
19 1800
1 86400
3 1800
67 18000
6 1800
19 1800
56 86400
19 1800
1 86400
45 1800
6 86400
1 86400
2 86400
189 24540
266 24540
354 24540
2 86400
89 86400
189 24540
266 24540
354 24540
56 86400
12 1800
12 1800
6 1800
1 86400
6 86400
1 1800
12 1800
45 3600
6 1800
1 1020
45 3600
1 1020
1 1020
12 1800
1 1020
6 1800
12 86400
45 3600
6 36420
1 600
1 1020
1 1020
100 3600
200 3600
6 1800
6 1800
12 1800
12 1800
12 1800
6 1800
1416 3600
6 1800
6 1800
67 18000
6 86400
19 1800
6 1800
23 3000
6 1800
12 420
45 1800
6 600
12 300
12 420
12 300
45 1800
6 600
1416 2040
1 86400
6 1800
6 600
6 600
6 1800
23 1020
56 86400
100 3600
200 3600
6 600
100 3600
200 3600
399 3600
100 3600
200 3600
399 3600
100 3600
200 3600
399 3600
89 7200
6 2040
45 1800
6 1800
12 600
399 3600
183 3540
183 3540
12 600
708 5400
23 600
13139 8040
23 600
6 1800
6 2040
89 18000
183 3540
89 18000
45 7200
354 30000
45 7200
45 420
2 600
6 600
6 600
45 3600
177 7200
177 72000
45 720
5 86400
89 3600
45 1020
23 1800
421 12000
45 1020
177 7200
1 300
180 3540
180 3540
180 3540
180 3540
1416 7200
6 300
180 7020
183 7020
177 480
177 480
23 86400
349 7020
1 86400
1 86400
12 300
3 86400
12 300
3 86400
3 86400
6 1800
3 86400
6 1800
12 300
3 1020
6 600
23 21000
177 86400
23 21000
12 720
12 720
6 300
23 21000
305 86400
23 21000
708 3600
1 1800
1 1800
1 1800
23 21000
1 1800
1 1800
6 600
1 1800
1 1800
1 1800
1 1800
1 1800
23 21000
28 86400
1 1800
1 1800
1 1800
23 21000
6 600
349 7020
45 7200
45 7200
45 7200
45 7200
23 21000
12 50040
6 3600
12 50040
12 50040
12 50040
89 72000
6 1200
45 86400
219 44040
6 1200
6 1200
6 1200
177 84000
6 600
6 1200
23 3600
6 6000
45 3600
45 3600
6 86400
89 14400
45 3600
177 480
177 480
89 72000
23 86400
12 300
12 300
12 300
12 300
12 600
12 300
23 86400
45 72000
354 72000
708 72000
89 86400
6 1800
6 1800
89 1800
12 1800
177 1800
1 1800
45 1800
1 1800
177 1800
1 1800
708 1800
1 1800
1 1800
1 1800
1 1800
1 1800
177 1800
12 1800
12 1800
45 1800
177 7200
1 1800
177 1800
708 1800
89 21600
1416 1800
1416 7200
2 1800
1 1800
177 1800
1 1800
1 1800
177 1800
1 1800
177 7200
177 1800
1 1800
1 1800
1 1800
1 1800
1 1800
708 1800
1 1800
1 1800
1 1800
1 1800
708 1800
1 1800
1 1800
1 1800
1 1800
708 72000
1 1800
1 1800
1416 72000
34 1800
1 1800
1 1800
1 1800
708 1440
1 1800
1 1800
1 1800
1 1800
708 3600
1 1800
1 1800
1 1800
1 1800
1 1800
1 1800
1 1800
1 1800
1 1800
1 1800
1 1800
1 1800
1 1800
1 1800
1 1800
1 1800
1 1800
177 14400
1 1800
1 1800
1 1800
1 1800
1 1800
1 1800
1 1800
1 1800
1 1800
1 1800
1 1800
1 1800
1 1800
1 1800
708 3600
1 1800
177 14400
1 1800
1 1800
1 1800
177 14400
1 1800
1 1800
1 1800
1 1800
1 1800
1 1800
1 1800
1 1800
1 1800
1 1800
1 1800
1 1800
708 3600
1 1800
1 1800
708 3600
1 1800
1 1800
1 1800
1 1800
1 1800
1 1800
1 1800
1 1800
1 1800
1 1800
1 1800
1 1800
1 1800
1 1800
1 1800
1 1800
1 1800
1 1800
1 1800
1 1800
1 1800
1 1800
1 1800
1 1800
1 1800
1 1800
1 1800
1 1800
1 1800
1 1800
1 1800
1 1800
6 86400
1 1800
1 1800
1 1800
1 1800
2 1800
1 1800
1 1800
2 1800
1 1800
1 1800
1 1800
2 1800
1 1800
1 1800
1 1800
1 1800
1 1800
1 1800
1 1800
1 1800
1 1800
1 1800
1 1800
1 1800
1 1800
1 1800
1 1800
1 1800
1 1800
1 1800
1 1800
1 1800
1 1800
1 1800
1 1800
1 1800
1 1800
1 1800
1 1800
1 1800
1 1800
1 1800
1 1800
1 1800
1 1800
1 1800
1 1800
1 1800
1 1800
1 1800
1 1800
1 1800
1 1800
1 1800
1 1800
1 1800
1 1800
1 1800
1 1800
1 1800
1 1800
1 1800
1 1800
1 1800
1 1800
1 1800
1 1800
1 1800
1 1800
1 1800
1 1800
1 1800
1 1800
1 1800
1 1800
1 1800
1 1800
1 1800
1 1800
1 1800
1 1800
1 1800
1 1800
1 1800
1 1800
1 1800
1 1800
1 1800
1 1800
1 1800
1 1800
2 1800
1 1800
1 1800
1 1800
1 1800
1 1800
1 1800
1 1800
1 1800
1 1800
1 1800
1 1800
1 1800
1 1800
1 1800
1 1800
1 1800
1 1800
1 1800
1 1800
1 1800
1 1800
1 1800
1 1800
1 1800
1 1800
1 1800
1 1800
1 1800
1 1800
1 1800
1 1800
1 1800
1 1800
1 1800
1 1800
1 1800
1 1800
4 1800
1 1800
1 1800
1 1800
6 86400
1 1800
3 1800
3 1800
1 1800
1 1800
1 1800
1 1800
1 1800
1 1800
1 1800
2 1800
2 1800
1 1800
1 1800
1 1800
1 1800
1 1800
1 1800
1 1800
1 1800
1 1800
1 1800
177 72000
177 72000
354 30000
177 72000
1 1800
1 1800
177 21600
1 1800
1 1800
1 1800
1 1800
1 1800
1 1800
1 1800
1 1800
1 1800
23 21000
1 1800
6 86400
1 1800
2 1800
1 1800
1 1800
1 1800
1 1800
1 1800
1 1800
1 1800
1 1800
1 1800
1 1800
1 1800
1 1800
1 1800
1 1800
1 1800
1 1800
1 1800
1 1800
1 1800
1 1800
1 1800
45 1800
1 1800
1 1800
1 1800
1 1800
1 1800
1 1800
1 1800
1 1800
1 1800
1 1800
1 1800
1 1800
1 1800
1 1800
1 1800
1 1800
1 1800
1 1800
1 1800
1 1800
1 1800
1 1800
1 1800
177 21600
1 1800
100 3600
200 3600
399 3600
1 1800
6 86400
1 1800
1 1800
23 21000
1 1800
1 1800
12 50040
1 1800
12 50040
1 1800
177 3600
354 3600
708 3600
1 1800
3 1800
1 1800
1 1800
2 1800
1 1800
1 1800
45 86400
1 1800
23 86400
1 1800
1 1800
1 1800
45 1800
1 1800
1 1800
23 21000
1 1800
23 1800
12 1800
6 1800
3 1800
2 1800
1 1800
1 1800
1 420
1 1800
1 1800
1 1800
1 1800
1 420
1 1800
1 1800
23 86400
1 1800
1 1800
1 420
1 1800
12 600
1 1800
1 1800
45 1800
23 1800
1 1800
23 7620
1 1800
89 21600
1 420
1 1800
89 21600
1 1800
177 480
177 480
177 480
177 480
1 1800
177 480
177 480
177 480
177 480
1 1800
12 1500
1 1800
730 3600
12 600
23 21000
1239 3600
177 240
885 3600
177 3540
6 2040
12 1440
23 1200
12 1320
45 600
23 1800
89 420
177 300
177 21600
23 1200
177 3540
6 86400
1 1800
1 420
1 1800
12 1200
177 3540
1 1800
1 1800
1416 2040
89 1800
177 3540
1 1800
1 1800
45 840
177 7200
1 1800
23 1800
177 21600
177 3540
23 86400
692 86400
1 1800
1416 2040
6 1800
1 1800
1 1800
1 420
1 1800
1 1800
1416 2040
1 1800
177 21600
1 1800
177 3540
1 1800
1 420
1 1800
21 86400
1416 2040
354 72000
45 1800
177 3540
1 1800
23 1800
305 86400
1 1800
1416 72000
1 1800
177 1800
1 1800
2 1800
1 1800
177 3540
1 1800
12 2640
1 1800
1 1800
1 1800
1 1800
349 2040
1 1800
12 1800
23 1800
1 1800
12 2520
3 1800
1 1800
12 2400
3 1800
1 1800
89 7200
1 1800
23 2220
1 1800
177 3540
89 7200
3 1800
1 1800
1 1800
1 1800
1 1800
1 1800
23 1020
1 1800
179 3540
1 1800
1 1800
89 7200
1 1800
1 1800
1 1800
1 1800
1 1800
89 1800
1 1800
180 3540
1 1800
1 1800
1 1800
1 1800
6 1800
354 1800
1 1800
349 7020
6 3600
1 1800
45 1800
89 1020
3 1800
1 1800
177 540
354 4140
708 72000
1 1800
1 1800
6 86400
177 21600
1 1800
1 1800
1 1800
89 7200
708 2040
1 1800
1 1800
23 1500
1 1800
6 1800
45 900
1 1800
1 1800
1 1800
6 1800
89 600
3 1800
1 1800
6 1800
89 86040
346 7200
45 86400
12 4800
1 1800
45 7200
89 86040
1 1800
45 7200
1 1800
45 7200
6 1800
1 1800
1 1800
6 1800
1 1800
23 1200
1 1800
2 86400
354 1800
3 1800
1 1800
45 780
1 1800
89 360
6 1800
1416 2040
1 1800
1 1800
177 300
89 86040
1 1800
6 3600
2 1800
2 1800
1 1800
1416 240
2 1800
23 1020
12 4800
2 1800
1 1800
1 1800
2 86400
1 1800
2 86400
1 1800
1 1800
1 1800
1 1800
1 1800
1 1800
23 21000
1 1800
12 1800
1 1800
1 1800
1 1800
1 1800
1 1800
177 1800
6 86400
1 1800
708 1800
1 1800
1 1800
50 86400
6 86400
89 86040
1 1800
45 480
89 300
89 50040
1 1800
89 50040
89 50040
89 50040
89 50040
1 1800
1 1800
1 1800
1416 2040
1 1800
305 3600
1 1800
6 86400
1 1800
23 86400
305 3600
1 1800
1 1800
305 3600
89 480
1 1800
1 1800
1 1800
177 300
1 1800
12 86400
1 1800
45 43920
92 21900
177 9120
1 1800
6 86400
23 76200
23 3600
1 1800
6 86400
177 360
6 86400
357 4560
1 1800
1 1800
12 1800
6 86400
1 1800
1 1800
6 1800
354 1800
1 1800
23 1800
1 1800
711 1860
1427 1380
1 1800
23 76200
1 1800
6 1800
1 1800
23 1800
1 1800
6 1800
708 72000
1 1800
23 1800
1 1800
1 1800
354 1800
1 1800
6 86400
1 1800
6 2400
1 1800
89 1800
1 1800
1 1800
1 1800
189 24540
266 24540
189 24540
266 24540
354 24540
1 1800
6 86400
1 1800
1 1800
3 1800
1 1800
305 3600
1 1800
1 1800
45 7200
45 7200
23 86400
1 1800
1 1800
23 1800
1 1800
2 86400
23 1800
177 21600
177 21600
177 21600
2 86400
1 1800
1 1800
1 1800
3 1800
1 1800
1 1800
1 1800
1 1800
1 1800
1 1800
1 1800
1 1800
1 1800
1 1800
1 1800
2 86400
1 1800
2 86400
1 1800
1 1800
1 1800
1 1800
1 1800
2 86400
1 1800
1 1800
1 86400
1 1800
1 1800
3 3600
1 1800
1 1800
1 86400
177 86400
177 86400
1 1800
1 86400
6 1800
1 86400
305 3600
1 86400
1 86400
1 86400
1 1800
1 1800
1 86400
1 1800
23 86040
1 1800
1 86400
1 1800
1 1800
1 1800
1 86400
177 21000
6 1800
1 86400
6 1800
708 72000
1 86400
23 3600
89 28800
6 1800
2 86400
1 1800
2 86400
177 21600
1 1800
1 1800
2 86400
1 1800
3 86400
1 1800
1 1800
1 1800
1 1800
3 86400
3 86400
1 1800
1 1800
1 1800
1 1800
89 18000
1 1800
1 1800
3 3600
3 3600
3 3600
3 3600
3 3600
3 3600
3 3600
3 3600
3 3600
3 3600
3 3600
3 3600
3 3600
3 3600
3 3600
3 3600
3 3600
3 3600
3 3600
3 3600
3 3600
3 3600
3 3600
3 3600
3 3600
3 3600
3 3600
3 3600
3 3600
3 3600
3 3600
3 3600
3 3600
3 3600
3 3600
3 3600
3 3600
3 3600
3 3600
3 3600
1 1800
3 3600
3 3600
3 3600
3 3600
3 3600
3 3600
3 3600
3 3600
3 3600
3 3600
3 3600
3 3600
3 3600
3 3600
3 3600
3 3600
3 3600
3 3600
3 3600
3 3600
3 3600
3 3600
3 3600
3 3600
3 3600
3 3600
3 3600
3 3600
3 3600
3 3600
3 3600
3 3600
1 1800
1 1800
1 1800
153 1800
1 1800
1 1800
12 300
1 1800
11325 1200
2832 3600
1 1800
89 21000
1 1800
1 1800
1 1800
1 1800
1 1800
1 1800
1 1800
1 1800
6 120
1 1800
1 1800
153 86400
1 1800
6 120
1 1800
89 86400
3 1800
89 86400
3 1800
708 3600
1 1800
89 86400
1 1800
1 1800
9 1800
1 1800
1 1800
9 1800
1 1800
1 1800
730 3600
305 3600
177 480
177 480
1 1800
1 1800
1 1800
885 3600
6 86400
1 1800
1 1800
3 1800
1 1800
1 1800
177 480
1 1800
177 480
1 1800
89 21000
1 1800
1 1800
1 1800
1 1800
1 1800
1 1800
1 1800
18 1800
1 1800
1 1800
1 1800
6 86400
18 1800
1 1800
23 1800
2 1800
18 1800
346 36000
1 1800
1 86400
1 86400
1 86400
5 1800
730 3600
1 1800
1 1800
1 1800
6 2520
89 21000
6 2520
1 1800
3 1800
23 1800
1 1800
23 1800
1 1800
23 18000
6 2640
1 86400
1 1800
23 1800
1 86400
1 86400
1 1800
1 1800
23 1800
421 50040
3 1800
1 1800
2 86400
2 86400
12 86400
17 86400
1 1800
23 1800
6 600
1 1800
305 3600
6 600
1 1800
1 1800
23 1800
177 300
89 540
45 600
177 480
23 1200
177 480
12 1500
346 36000
3 1800
6 600
703 40020
1062 40020
338 9000
23 1800
150 8040
346 36000
45 600
177 21600
6 600
45 7200
6 2100
144 43200
45 600
6 600
23 1800
6 600
45 600
664 3600
6 600
6 600
45 86400
1 1800
1 1800
23 10020
45 600
1 1800
1 1800
12 86400
23 76200
45 43920
92 21900
177 9120
357 4560
711 1860
1427 1380
1 1800
89 420
6 120
664 3600
1 1800
177 300
89 300
177 300
177 300
177 300
23 1020
89 86040
42 1800
23 1800
89 86040
12 1500
23 1800
23 10020
45 600
23 1800
89 420
23 18000
1416 72000
177 240
177 300
177 300
23 10020
12 2400
177 300
6 120
12 1920
23 10020
12 3600
56 86400
42 1800
23 1800
6 120
12 1200
12 1200
6 120
23 1380
23 1020
23 1800
23 840
6 120
23 900
354 8640
45 720
45 600
45 540
23 1800
45 540
45 86400
89 420
89 360
23 1800
177 300
354 30000
177 240
177 180
708 6000
177 180
23 10020
23 1800
1 86400
42 1800
89 10020
797 2400
6 600
23 1800
23 10020
6 600
45 600
1 86400
45 540
23 1800
6 600
42 1800
45 600
305 14400
23 1800
89 600
354 80040
23 1800
1 86400
89 360
177 70020
177 360
6 600
177 360
23 86400
1 86400
177 43200
177 43200
6 600
12 2640
177 43200
177 43200
12 6000
42 1800
305 14400
6 600
3 1800
6 600
45 1200
1 1800
177 1200
177 1200
177 1200
45 86400
6 600
1 1800
6 600
178 7200
6 1800
1 1800
23 86040
1 1800
12 86400
23 76200
45 43920
92 21900
177 9120
357 4560
711 1860
1427 1380
1 86400
6 600
6 600
6 600
6 600
1106 3600
968 3600
1 86400
177 86400
1 86400
1 86400
354 8640
1 86400
1 86400
6 86400
219 44040
23 86400
708 1800
708 1800
45 86400
23 21600
180 7200
1 600
664 3600
6 86400
6 86400
1 86400
1 86400
1 86400
1 1800
1 600
1 1800
1 86400
1 86400
1 86400
1 86400
1 86400
1 86400
1 86400
1 86400
1 86400
1 86400
1 86400
1 86400
1 86400
1 86400
1 86400
1 86400
1 86400
1 86400
1 86400
1 86400
1 86400
1 86400
1 86400
1 86400
1 86400
1 86400
1 86400
1 86400
1 86400
1 86400
1 86400
1 86400
1 600
1 1800
177 86400
1 1800
23 21600
1068 3600
1 1800
354 8640
1 86400
1 1800
1 86400
1 1800
23 86400
1 1800
1 1800
1416 14400
1416 14400
6 86400
664 3600
6 86400
23 86400
89 72000
180 7200
1416 14400
1416 14400
1416 14400
12 86400
23 76200
45 43920
92 21900
177 9120
357 4560
1416 14400
553 3600
553 3600
553 3600
553 3600
354 8640
12 86400
553 3600
553 3600
581 3600
565 3600
1 1800
1 1800
34 1800
1 1800
1 1800
1 1800
1 1800
1 1800
1 1800
1 1800
2 1800
1 1800
1 1800
708 3600
1 1800
1 1800
1 1800
1 1800
1 1800
1 1800
1 1800
1 1800
1 1800
1 1800
1 1800
1 1800
1 1800
354 8640
1 1800
1 1800
1 1800
1 1800
1 1800
1 1800
1 1800
1 1800
1 1800
1 1800
1 1800
1 1800
1 1800
1 1800
1 1800
1 1800
1 1800
1 1800
1 1800
1 1800
1 1800
1 1800
1 1800
1 1800
1 1800
1 1800
1 1800
1 1800
1 1800
1 1800
1 1800
1 1800
1 1800
1 1800
1 1800
1 1800
1 1800
1 1800
1 1800
1 1800
1 1800
1 1800
1 1800
1 1800
1 1800
1 1800
1 1800
1 1800
1 1800
1 1800
1 1800
1 1800
1 3600
1 1800
1 1800
1 1800
1 1800
1 1800
1 1800
1 1800
1 1800
1 1800
1 1800
1 1800
1 1800
1 1800
1 1800
1 1800
1 1800
1 1800
1 1800
1 1800
1 1800
1 1800
1 1800
1 1800
1 1800
1 1800
1 1800
1 1800
1 1800
1 1800
1 1800
587 3600
1 1800
1 1800
1 1800
1 1800
1 1800
1 1800
1 1800
1 1800
1 1800
1 1800
1 1800
1 1800
1 1800
1 1800
2 1800
1 1800
1 1800
2 1800
1 1800
1 1800
1 1800
2 1800
1 1800
1 1800
1 1800
1 1800
1 1800
1 1800
1 1800
1 1800
1 1800
1 1800
1 1800
1 1800
1 1800
45 26400
1 1800
1 1800
1 1800
1 1800
1 1800
1 1800
1 1800
1 1800
1 1800
1 1800
354 8640
1 1800
1 1800
1 1800
1 1800
1 1800
1 1800
1 1800
1 1800
1 1800
1 1800
1 1800
1 1800
1 1800
1 1800
1 1800
1 1800
1 1800
1 1800
1 1800
1 1800
1 1800
1 1800
1 1800
1 1800
1 1800
1 1800
1 1800
1 1800
1 1800
1 1800
1 1800
1 1800
1 1800
1 1800
1 1800
1 1800
1 1800
1 1800
1 1800
1 1800
1 1800
1 1800
1 1800
1 1800
1 1800
1 1800
1 1800
1 1800
1 1800
1 1800
1 1800
1 1800
1 1800
1 1800
1 1800
89 86400
1 1800
2 1800
1 1800
1 1800
1 1800
1 1800
1 1800
1 1800
1 1800
1 1800
1 1800
1 1800
1 1800
1 1800
1 1800
1 1800
1 1800
1 1800
1 1800
1 1800
1 1800
1 1800
1 1800
1 1800
1 1800
1 1800
1 1800
1 1800
1 1800
1 1800
1 1800
1 1800
1 1800
1 1800
1 1800
1 1800
1 1800
1 1800
1 1800
4 1800
1 1800
1 1800
354 8640
1 1800
1 1800
3 1800
3 1800
1 1800
1 1800
1 1800
1 1800
1 1800
1 1800
1 1800
2 1800
2 1800
1 1800
1 1800
1 1800
1 1800
1 1800
1 1800
1 1800
1 1800
1 1800
1 1800
1 1800
1 1800
1 1800
1 1800
1 1800
1 1800
1 1800
1 1800
1 1800
1 1800
1 1800
1 1800
1 1800
2 1800
1 1800
1 1800
1 1800
1 1800
1 1800
1 1800
1 1800
1 1800
1 1800
1416 14400
1 1800
1 1800
1 1800
177 43200
177 43200
1 1800
177 43200
177 43200
1 600
1 1800
1 1800
1 600
12 86400
23 76200
45 43920
92 21900
177 9120
357 4560
711 1860
1427 1380
1 1800
1 1800
1 600
1 1800
1 1800
1 1800
1 600
1 1800
1 1800
1 1800
1 600
708 28800
1 1800
1 600
1 1800
1 1800
1 1800
177 43200
1 1800
1 1800
1 1800
1 1800
6 600
1 1800
1 1800
1 1800
708 28800
1 1800
3 600
1 1800
1 1800
1 1800
6 600
1 1800
1 1800
1 1800
1 1800
1 1800
1 1800
354 8640
1 1800
1416 72000
2 600
1 1800
1 1800
1416 72000
1416 14400
1 1800
1416 3600
2 600
1 1800
1 1800
2 600
1 1800
1 1800
1 1800
1 1800
2 600
1 1800
1416 72000
1416 3600
2 1800
2 600
1 1800
1 600
1 1800
1 1800
708 72000
1 1800
1 1800
1 1800
1 1800
1 1800
1 1800
1 1800
89 86400
1 1800
1 1800
1 1800
1 1800
1 1800
1 1800
1 1800
1 1800
354 72000
1 1800
1 1800
1 1800
1 1800
1 1800
1 1800
1 1800
1 1800
1 1800
1 1800
1 1800
1 1800
1 1800
1 1800
1 1800
1 1800
1 1800
1 1800
1 1800
1 1800
1 1800
1 1800
1 1800
1 1800
1 1800
1 1800
1 1800
1 1800
2 1800
354 72000
1 1800
1 1800
1 1800
1 1800
1 1800
1 1800
1 1800
1 1800
1 1800
1 1800
1 1800
1 1800
1 1800
1 1800
1 1800
1 1800
1 1800
1 1800
1 1800
1 1800
1 1800
1 1800
1 1800
1 1800
1 1800
1 1800
1 1800
1 1800
1 1800
1 86400
1 1800
1 1800
1 1800
1 1800
1 1800
1 1800
1 1800
1 1800
1 1800
1 1800
1 1800
1 1800
1 1800
1 1800
1 1800
1 1800
1 1800
1 1800
1 1800
1 1800
1 1800
1 1800
1 1800
1 1800
1 1800
1 1800
1 1800
1 1800
2 1800
2 1800
1 1800
1173 3600
2 1800
2 1800
1 1800
1 1800
1 1800
1206 3600
1239 3600
354 8640
1 1800
1 1800
1 1800
45 1200
1 1800
45 1200
1 1800
45 1200
45 1200
1 86400
1 1800
1 86400
1 86400
1 86400
1 86400
1 86400
1 86400
1 86400
1 86400
1 86400
1 86400
1 86400
1 86400
1 86400
1 86400
1 86400
1 86400
1 86400
1 86400
1 86400
1 86400
1 86400
1 1800
1 86400
1 86400
1 86400
1 86400
1 86400
1 86400
1 86400
1 86400
1 86400
1 86400
1 1800
1 1800
1 1800
1 1800
45 1200
1 1800
45 1200
1 1800
1 1800
1 1800
1 1800
1 86400
45 1200
45 1200
2 1800
2 1800
1 1800
1 1800
1 1800
1 1800
1 1800
1 1800
1 1800
1 1800
2 1800
2 1800
1 86400
1 86400
1 86400
23 1800
1 86400
45 1200
1 1800
1 86400
45 1200
1 1800
1 86400
23 1800
1 86400
1 86400
1 86400
1 1800
1 86400
1 86400
1 1800
1 86400
1 86400
1 1800
1 86400
1 86400
1 86400
1 1800
1 86400
1 1800
1 86400
1 86400
1 86400
1 1800
1 86400
1 86400
1 86400
1 1800
1 86400
1 86400
45 1200
1 86400
1 86400
1 1800
1 86400
1 86400
1 86400
1 1800
1 86400
45 1200
1 1800
45 86400
1 1800
23 86400
1 1800
1 1800
9 1800
1 1800
1 1800
45 1200
1 1800
1 1800
1 1800
1 1800
9 1800
1 1800
1422 14400
1 1800
23 18000
1 1800
45 1200
45 1200
9 1800
1 1800
1 1800
1 1800
23 21600
1 1800
1 1800
1 1800
23 21600
1 1800
9 1800
1 1800
1 1800
23 21600
45 1200
1 1800
1 1800
9 1800
1 1800
9 1800
23 21600
1 1800
1 1800
1 1800
1 1800
1 1800
1 1800
1 1800
1 1800
1 1800
1 1800
45 1200
1 1800
9 1800
1 1800
1 1800
1 1800
1 1800
1 1800
1 1800
1 1800
23 21600
1 1800
1 1800
1 1800
1 1800
23 21600
1 1800
45 1200
1 1800
1 1800
1 1800
1 1800
1 1800
1 1800
1 1800
23 1800
1 1800
1 1800
23 21600
1 1800
1 1800
1 1800
1438 14400
1 1800
1 1800
1 1800
1 1800
1 1800
1 1800
1 1800
1 1800
1 1800
1 1800
1 1800
1 1800
1 1800
1 1800
1 1800
1 1800
1 1800
1 1800
177 86400
23 1800
9 1800
219 4020
1 1800
1 1800
1 1800
1 1800
1 1800
1 1800
1 1800
1 1800
1 1800
1 1800
1 1800
23 18000
1 1800
1 1800
1 1800
1 1800
1 1800
23 18000
1 1800
1 1800
1 1800
1 1800
1 1800
1 1800
1 1800
1 1800
1 1800
1 1800
1 1800
1 1800
1 1800
1 1800
1 1800
1 1800
1 1800
1 1800
1 1800
23 1800
1 1800
1 1800
1 1800
1 1800
1 1800
1 1800
1 1800
1 1800
1 1800
1 1800
1 1800
23 1800
1 1800
1 1800
1 1800
1 1800
1 1800
1 1800
1 1800
1 1800
1 1800
6 120
1 1800
1 1800
1 1800
1 1800
1 1800
1 1800
1 1800
1 1800
1 1800
1 1800
1 1800
1 1800
1 1800
1 1800
1 1800
1 1800
6 120
1 1800
1 1800
1 1800
6 120
1 1800
1 1800
1422 14400
1 1800
1 1800
1 1800
1 1800
6 120
1 1800
1 1800
1 1800
1 1800
1 1800
1 1800
17 60
1 1800
1 1800
1 1800
1 1800
1 1800
1 1800
6 600
1 1800
1 1800
1 1800
2 1800
1 1800
1 1800
1 1800
1 1800
1 1800
1 1800
1 1800
1 1800
1 1800
23 1800
1 1800
1 1800
1 1800
1 1800
1 1800
1 1800
1 1800
1 1800
1 1800
1 1800
1 1800
1 1800
1 1800
1 1800
6 600
1 1800
1 1800
1 1800
1 1800
1 1800
1 1800
1 1800
1 1800
23 600
1 1800
1 1800
1 1800
1 1800
1 1800
1 1800
1 1800
1 1800
1 1800
1 1800
1 1800
1 1800
1 1800
1 1800
89 600
1 1800
1 1800
219 4020
1 1800
1 1800
1 1800
1 1800
23 1800
1 1800
1 1800
1 1800
1 1800
1 1800
1 1800
1 1800
1 1800
1 1800
2 1800
1 1800
354 600
2 1800
2 1800
1 1800
1 1800
1 1800
1 1800
1 1800
1 1800
1 1800
1 1800
1 1800
1 1800
1 1800
1 1800
1 1800
1 1800
1 1800
1 1800
1 1800
1 1800
1 1800
1 1800
1 1800
1 1800
1 1800
1 1800
1 1800
1 1800
1 1800
1 1800
1 1800
23 36000
1 1800
1 1800
1 1800
1 1800
1 1800
1416 1200
2 1800
2 1800
2 1800
2 1800
1 1800
1 1800
1 1800
1 1800
1 1800
1 1800
17 60
1422 14400
45 86400
45 1800
45 1800
1422 14400
45 1800
1419 14400
45 1800
45 1800
45 1800
89 86400
45 1800
346 1800
346 1800
1438 14400
346 1800
1422 14400
89 86040
89 86040
23 2400
45 1800
708 1800
45 1800
45 86400
6 86400
89 86040
1 86400
1 86400
89 7200
177 7200
354 7200
708 7200
1416 7200
1416 72000
354 72000
354 72000
1416 72000
1416 72000
177 86400
45 86400
89 86400
6 86400
1416 72000
6 86400
587 86040
6 86400
1421 14400
6 86400
1421 14400
45 86400
177 84000
1418 14400
6 86400
6 86400
6 86400
1438 14400
1426 14400
1460 14400
1460 14400
89 72000
1438 14400
1460 14400
708 61200
23 86400
23 86400
23 86400
12 86400
89 86400
177 43200
177 43200
177 43200
6 900
6 900
89 72000
23 36000
354 86400
354 7200
354 7200
354 7200
531 7200
531 7200
531 7200
531 7200
23 21600
180 7200
23 21600
177 86400
531 7200
531 7200
23 21600
23 21600
23 21600
23 21600
23 21600
177 86400
2 1800
2 1800
2 1800
23 21600
2 1800
2 1800
23 1800
23 1800
1416 72000
522 7200
522 7200
522 7200
360 7200
360 7200
23 1800
23 1800
23 1800
23 1800
522 7200
522 7200
522 7200
522 7200
522 7200
522 7200
522 7200
522 7200
708 7200
2 1800
2 1800
354 7200
354 7200
354 7200
1 1800
2 1800
2 1800
1 1800
1 1800
23 1800
23 1800
1 1800
1416 72000
45 86400
354 72000
1416 72000
1 1800
23 18000
23 18000
1 1800
9 1800
1416 72000
1 1800
354 3600
177 3600
89 3600
89 3600
12 86400
354 3600
354 3600
12 86400
89 3600
12 86400
12 86400
89 80040
12 86400
89 80040
708 61200
12 86400
6 86400
12 86400
12 86400
708 61200
177 1200
177 1200
177 1200
177 1200
177 1200
177 1200
177 2400
522 7200
522 7200
522 7200
6 86400
522 7200
522 7200
12 300
522 7200
89 86400
177 2400
12 86400
522 7200
177 84000
12 300
177 300
6 300
45 86400
89 300
177 2400
177 2400
12 300
177 2400
177 2400
177 2400
177 2400
177 2400
177 2400
9 1800
45 300
177 2400
1 1800
12 300
89 300
89 80040
89 80040
89 80040
603 86040
598 86040
23 86400
581 86040
565 86040
570 86040
565 86040
23 86400
559 86040
553 86040
45 26400
177 43200
177 43200
177 43200
177 43200
177 43200
177 43200
177 43200
177 43200
177 43200
177 43200
177 72000
177 72000
354 30000
177 21000
23 10020
177 72000
23 86400
23 86400
23 18000
23 86400
177 86400
177 86400
23 86400
23 86400
45 540
45 540
177 43200
177 2400
177 2400
177 2400
23 18000
45 720
177 2400
89 50040
89 50040
89 50040
177 480
177 480
89 50040
89 50040
89 86400
305 14400
89 50040
89 50040
89 50040
89 50040
89 50040
45 86400
177 300
177 300
177 300
177 2400
177 480
177 2400
56 86400
1173 3600
1206 3600
1239 3600
45 2400
177 480
177 86400
45 2400
14 3600
45 2400
45 2400
89 86040
45 2400
6 86400
45 2400
45 2400
89 86040
